--Carter Thakur at Sun Feb 9 12:04:06 2025 189 points
900
920
795
818
895
908
800
720
664
818
908
962
810
805
841
892
908
885
830
857
810
838
882
890
836
813
849
871
844
839
776
824
874
792
787
821
754
730
713
752
794
772
821
879
828
775
769
810
767
772
605
938
762
836
823
854
892
856
777
772
818
818
741
777
828
813
790
913
994
908
885
859
833
792
875
923
820
923
895
834
1010
705
818
741
741
795
843
793
841
807
742
794
844
764
923
918
851
790
780
787
741
802
921
920
911
900
941
902
882
898
877
261
567
743
775
746
797
829
728
1008
925
949
856
828
624
989
795
792
813
816
800
900
902
834
830
875
866
803
861
867
833
754
767
887
816
782
818
825
790
764
790
684
695
731
733
741
665
646
695
725
639
618
651
661
690
746
659
644
667
720
667
628
677
672
728
759
564
656
716
692
667
666
685
692
577
577
610
664
703
