--Chris Dhakal at Thu Feb 13 14:18:22 2025 216 points
606
600
628
625
636
654
662
679
716
664
674
698
682
648
682
726
667
666
695
734
684
641
741
1144
566
706
279
1415
618
749
664
667
713
684
675
692
720
621
651
664
654
652
643
674
685
708
723
674
700
693
702
651
672
692
726
664
710
734
746
705
721
702
690
677
682
723
718
692
718
713
705
690
705
710
723
685
708
707
700
670
682
730
677
664
695
746
693
669
685
733
677
664
708
733
679
662
728
718
672
656
698
692
654
664
695
674
646
677
695
662
654
656
687
636
636
577
579
595
557
643
736
772
751
695
677
605
582
577
585
648
683
710
728
713
620
629
664
646
700
615
667
669
690
728
679
672
698
720
713
721
702
698
638
677
687
692
693
700
715
751
703
708
710
749
718
689
711
715
669
708
718
754
720
700
703
713
669
708
705
718
687
710
710
721
646
615
639
641
664
674
664
598
625
629
669
718
751
710
721
702
716
684
662
628
651
626
621
666
636
700
749
733
690
695
705
687
