--Chris Dhakal at Mon Feb 10 15:37:56 2025 233 points
672
623
646
679
718
721
741
702
734
677
674
679
675
631
628
628
569
598
597
585
620
662
684
695
762
748
721
715
741
672
690
667
674
641
636
651
657
651
651
641
657
666
623
657
656
682
649
654
705
669
654
659
674
652
633
674
639
646
669
664
657
646
618
646
651
626
636
661
677
621
654
674
610
608
643
611
620
639
597
587
605
552
577
556
554
613
646
651
651
636
675
697
649
669
695
705
631
646
685
659
653
657
710
654
631
636
648
667
656
639
659
656
639
636
643
641
618
633
667
631
628
657
656
628
649
631
630
644
613
618
661
641
616
656
649
636
625
621
654
643
611
659
653
639
636
648
675
623
626
669
638
613
651
654
631
641
646
659
669
652
664
689
683
623
638
669
608
605
626
620
623
613
618
636
651
613
621
671
616
605
644
628
623
625
583
633
636
605
613
610
641
646
618
626
656
664
631
628
677
618
618
649
636
625
657
618
656
654
615
626
674
636
610
649
621
589
608
613
615
644
577
587
628
590
592
577
605
613
580
607
639
561
598
