--Ethan  Chopra at Thu Feb 6 13:59:43 2025 302 points
656
608
602
634
641
656
664
616
653
698
705
685
669
728
728
741
736
723
711
735
724
715
708
725
734
697
656
657
643
647
612
598
656
675
707
708
649
638
657
676
634
646
667
656
682
690
672
689
695
713
680
676
700
703
656
636
670
677
684
667
664
679
690
713
659
685
687
689
629
643
682
657
641
654
633
672
689
683
648
664
713
723
698
659
712
690
723
746
741
700
716
715
739
692
659
659
695
646
651
667
656
657
648
672
680
713
694
624
635
626
569
559
577
598
694
767
728
762
779
695
716
687
659
666
629
600
643
652
643
646
608
618
667
707
718
675
677
658
654
654
659
626
654
710
700
679
680
715
711
748
664
654
649
687
754
705
697
734
733
726
661
670
684
626
608
648
659
664
667
715
677
672
677
631
625
639
582
595
625
634
682
731
733
715
713
672
620
606
612
575
556
575
535
565
553
598
661
711
664
641
672
612
616
618
600
643
616
625
672
695
664
636
674
657
648
662
662
666
664
677
651
644
692
659
667
667
697
669
690
682
605
603
636
620
634
661
608
633
675
671
685
649
674
649
656
667
638
649
690
666
652
654
717
680
672
682
656
672
662
666
657
674
695
641
654
672
687
630
621
638
644
677
682
644
653
685
685
666
639
669
646
641
646
608
608
648
652
669
697
662
667
666
680
638
693
723
692
672
638
667
651
677
