--Ethan  Chopra at Wed Feb 12 10:26:09 2025 273 points
649
685
697
569
657
630
667
644
643
759
705
665
671
736
693
651
684
711
715
680
702
695
649
618
654
589
641
723
664
659
724
730
652
633
651
641
682
641
613
633
700
716
725
675
641
636
638
1377
716
684
659
664
690
718
728
644
666
675
610
582
605
567
561
585
569
626
708
653
603
664
567
659
636
628
638
667
633
623
672
674
688
689
703
733
718
664
616
610
641
608
643
600
582
577
616
584
600
593
579
636
574
590
623
569
613
585
610
674
680
661
634
679
646
644
667
646
661
685
636
690
743
752
687
659
656
682
646
636
669
675
723
754
743
713
708
707
706
661
680
728
736
674
700
728
757
687
690
702
746
716
684
713
744
713
677
661
703
697
708
666
690
677
703
689
652
679
682
751
708
685
690
728
679
667
674
685
641
641
710
669
641
631
598
612
639
623
662
725
718
700
741
741
723
646
631
662
628
661
683
684
677
700
718
662
646
674
633
629
630
623
659
706
725
734
746
679
677
631
615
618
626
638
646
608
621
600
628
672
748
754
734
707
723
675
674
674
623
647
666
703
651
669
618
695
613
621
620
577
615
598
600
638
682
675
669
643
672
659
672
626
646
705
697
693
636
623
628
687
772
764
749
771
762
