--Ethan  Chopra at Thu Feb 6 13:45:20 2025 224 points
608
651
629
615
631
584
588
597
610
628
659
626
605
598
566
588
579
592
631
587
631
615
611
612
577
580
608
587
595
577
584
626
595
613
574
574
603
566
593
587
595
649
638
633
657
633
654
661
621
605
626
605
636
666
644
628
654
621
630
649
623
626
692
654
664
654
592
605
636
610
583
625
618
623
610
580
600
608
592
620
598
608
646
651
638
608
610
608
631
590
582
602
598
613
569
587
618
600
584
624
571
588
605
561
575
566
603
633
610
588
612
600
600
554
536
569
529
543
513
541
528
549
585
597
631
659
646
638
662
595
605
584
598
636
587
600
618
608
638
631
595
589
616
602
603
592
564
593
582
613
618
597
595
608
620
628
608
623
618
644
630
629
607
603
625
626
598
617
600
595
616
597
587
562
600
618
613
607
636
621
674
687
634
636
658
636
623
639
605
587
664
618
636
646
621
636
654
646
607
629
589
606
592
566
539
608
553
590
587
603
692
667
646
639
635
641
662
664
636
638
652
641
631
643
