--Guguloth Harry at Thu Jan 30 16:02:45 2025 232 points
656
623
626
648
577
577
621
582
579
616
602
613
603
636
658
634
643
641
659
647
643
651
606
633
667
625
610
641
585
605
634
564
597
577
580
671
646
667
659
603
569
610
600
731
497
629
643
672
608
602
651
629
589
629
605
618
646
620
603
656
605
608
631
628
621
589
600
608
582
585
613
584
585
605
613
590
587
592
615
585
595
618
592
603
643
608
620
606
602
623
562
659
628
577
585
628
605
597
634
612
603
608
571
621
579
565
587
587
620
644
641
662
669
608
548
711
576
593
623
605
628
633
618
652
661
628
626
662
610
595
610
603
620
631
543
624
584
587
623
611
602
616
666
631
626
589
611
615
600
603
597
610
613
598
623
646
625
613
687
626
628
672
615
621
621
579
626
661
623
616
641
618
623
636
600
623
636
587
597
616
605
620
646
652
666
670
628
648
665
597
597
636
585
603
600
620
636
597
616
643
598
605
646
628
723
695
690
687
657
664
620
613
590
566
557
538
539
525
613
631
659
623
603
525
567
577
556
572
536
487
582
490
