--Banoth Tyler at Wed Feb 12 15:15:47 2025 321 points
566
564
508
533
1085
510
577
1064
546
1582
559
2977
1562
543
539
613
659
679
616
600
620
618
618
546
544
587
577
528
544
577
651
592
541
582
569
606
1564
561
480
543
1146
1611
1074
390
584
1134
520
1036
477
474
536
516
607
598
541
556
516
556
567
561
593
564
548
485
541
490
518
1072
523
505
536
505
536
505
525
549
546
590
595
633
672
641
641
657
615
597
608
592
554
598
577
620
590
597
644
587
659
708
656
587
559
503
515
536
526
569
600
623
677
674
616
620
1077
477
921
564
979
541
995
515
518
395
772
644
656
646
631
554
1672
1369
484
565
605
646
659
628
623
580
543
580
525
572
541
559
603
548
585
579
598
615
582
575
559
528
533
485
549
561
554
615
564
577
518
523
526
544
582
566
582
549
528
554
526
541
520
534
541
541
595
589
570
571
511
579
526
543
541
539
531
507
549
592
475
484
549
479
531
564
462
1138
547
517
549
528
567
592
531
564
546
562
569
516
533
526
548
503
556
544
525
539
515
500
523
549
628
572
580
541
541
556
562
610
536
556
577
485
525
505
544
556
531
510
498
531
492
551
541
595
605
587
588
523
530
511
546
577
543
570
518
1010
618
533
531
585
584
585
595
559
569
500
518
556
544
528
544
525
482
549
497
541
1008
557
530
600
531
528
552
510
541
538
544
497
511
505
484
552
912
518
516
497
531
520
554
521
543
506
510
518
448
518
503
541
533
585
500
562
1023
538
546
536
521
