--Banoth Tyler at Thu Feb 6 13:13:55 2025 287 points
577
579
623
621
620
685
608
618
543
636
554
661
662
613
615
646
649
574
618
593
674
764
746
700
649
613
590
628
741
661
644
669
646
711
697
667
605
625
652
659
654
653
518
759
713
695
644
589
613
380
1036
789
731
695
728
685
646
554
602
587
616
667
656
669
577
644
592
708
648
667
582
600
546
575
489
585
585
623
605
625
608
639
597
564
605
575
612
554
603
567
612
598
623
615
598
641
610
590
646
646
603
587
533
556
544
639
782
705
610
628
598
605
684
1129
584
546
600
590
659
656
631
610
613
580
579
616
574
559
605
641
521
1118
597
572
643
631
603
572
574
515
559
539
600
659
454
876
618
593
595
512
593
638
641
575
664
618
615
595
508
618
500
735
647
589
570
569
559
600
628
613
618
564
643
777
844
764
677
644
682
730
749
713
636
1302
711
689
572
626
713
759
725
1239
597
592
688
705
705
682
672
715
690
690
1177
607
510
629
659
705
651
644
712
716
767
710
607
588
612
670
710
697
713
703
690
666
575
518
715
667
743
703
636
669
646
749
707
618
654
567
618
666
629
1792
621
666
631
1182
577
579
662
672
664
615
593
610
625
603
682
585
2223
628
518
1097
554
575
1194
570
641
630
595
503
2223
567
720
723
734
717
721
646
718
1218
1646
693
679
700
700
710
695
