--Banoth Tyler at Tue Feb 11 14:07:01 2025 397 points
546
580
623
592
613
582
590
605
551
564
552
543
628
606
602
628
621
661
675
574
592
606
612
623
583
633
661
695
675
610
610
633
739
736
625
583
617
608
590
590
564
600
607
647
710
713
661
610
631
623
641
682
647
605
597
580
602
616
659
674
682
633
600
582
557
615
585
710
474
562
582
590
641
677
620
567
584
557
587
626
630
641
631
585
620
626
628
644
618
707
700
667
608
587
603
597
638
621
608
641
600
582
597
546
585
831
774
708
710
721
661
639
641
589
449
769
531
595
628
623
669
708
672
651
646
626
623
638
583
574
582
549
597
572
628
677
623
600
610
590
564
582
564
608
587
572
577
569
541
559
551
506
518
584
595
697
667
621
633
631
595
602
572
592
616
612
616
631
561
582
593
579
633
618
634
659
602
569
611
579
610
639
590
610
618
564
582
564
564
613
615
629
589
582
639
605
610
641
572
641
615
572
587
585
585
597
623
657
677
623
610
618
577
579
667
518
628
590
577
597
572
877
241
636
607
590
559
577
544
559
564
569
597
593
623
597
608
618
559
549
566
531
577
559
572
584
585
595
556
554
546
531
577
564
574
575
561
590
515
598
536
551
592
582
598
559
561
572
533
552
548
572
598
592
605
182
436
510
585
544
553
531
557
535
557
592
577
590
592
569
590
567
546
574
531
546
541
585
579
577
618
585
584
608
559
595
559
556
562
533
575
279
849
605
620
626
562
582
620
603
613
653
649
605
631
554
585
535
547
576
552
584
549
544
554
535
562
536
579
554
554
559
531
559
543
570
612
590
605
554
567
600
582
587
544
548
546
536
562
549
569
602
588
602
569
565
620
595
610
639
597
631
566
554
580
561
590
600
608
618
579
572
580
558
611
600
589
616
615
672
715
729
684
669
654
605
629
