--Banoth Tyler at Mon Feb 10 12:09:52 2025 173 points
706
720
646
657
687
764
738
708
672
669
667
689
718
677
688
738
759
723
677
723
733
767
721
687
679
639
900
812
754
764
852
838
823
805
864
872
757
687
884
813
762
690
1523
1364
782
810
890
761
723
303
431
720
782
741
698
772
684
351
457
738
695
705
811
746
715
792
811
784
639
682
723
828
800
757
733
777
715
598
594
647
818
838
736
715
734
741
720
698
736
725
749
659
656
652
687
772
753
636
613
659
677
641
644
661
708
756
785
779
657
605
608
610
546
646
669
695
731
738
744
713
687
662
638
674
739
674
395
928
685
708
848
888
866
834
748
672
692
744
805
718
697
762
869
903
792
682
559
710
744
849
769
720
713
721
661
693
723
887
856
764
731
787
857
836
789
693
325
416
733
728
741
711
810
