--Banoth Tyler at Fri Jan 31 08:34:18 2025 315 points
656
646
593
587
631
612
631
634
569
605
672
661
690
631
659
679
700
672
618
605
662
659
669
618
592
615
636
685
697
593
600
566
608
657
697
633
593
579
526
566
557
602
577
582
585
556
554
528
565
494
585
497
608
631
661
639
605
631
564
574
531
564
633
644
646
667
602
600
677
682
690
672
582
574
641
606
669
692
610
582
598
656
677
705
639
602
605
598
631
602
582
582
559
590
636
672
613
592
559
582
636
659
715
713
654
628
641
641
638
652
597
608
641
672
723
707
711
620
580
618
589
549
716
546
571
595
511
605
618
666
636
580
587
602
544
574
567
605
641
623
595
595
549
584
516
541
595
628
567
574
544
576
613
659
710
657
620
603
538
544
556
552
623
661
644
672
641
666
641
654
621
625
626
526
572
589
644
641
564
551
595
582
651
693
610
582
603
589
644
603
674
628
585
564
600
610
598
689
572
564
605
595
651
570
571
565
564
612
629
574
582
590
595
651
626
579
585
597
626
620
605
575
541
554
602
636
626
615
572
603
635
580
592
541
534
556
528
580
618
625
621
554
587
577
623
651
582
539
566
544
602
580
592
603
584
649
726
705
649
638
646
657
633
613
592
631
649
638
603
582
554
715
692
636
605
595
592
639
615
649
649
587
569
590
572
602
659
613
585
630
623
629
602
590
638
575
613
569
574
613
662
674
633
652
625
667
695
656
636
641
669
385
320
580
636
