--Chris Dhakal at Wed Jan 29 14:14:04 2025 295 points
664
654
700
687
677
643
675
646
641
633
623
634
651
633
669
667
615
636
682
703
651
685
697
644
631
661
626
610
610
577
570
571
595
623
662
631
671
723
672
662
661
646
626
626
631
628
630
629
628
651
639
595
623
618
620
631
631
638
669
677
667
677
695
656
651
670
635
634
643
667
664
659
713
713
679
662
656
641
626
631
623
587
615
572
610
621
643
675
695
679
664
667
659
679
680
690
677
725
726
669
677
685
671
629
656
713
741
708
741
751
759
697
693
687
718
674
682
713
744
702
692
726
728
713
728
700
687
621
638
713
721
720
726
715
729
656
620
657
669
695
713
754
741
738
726
733
744
738
716
689
695
682
708
723
713
702
711
718
707
662
687
723
685
677
702
731
672
677
689
741
690
710
713
698
633
662
700
707
675
676
693
682
687
687
713
692
685
705
703
648
682
685
633
618
654
613
631
677
666
695
698
736
720
710
711
720
685
636
656
690
674
664
682
667
685
674
692
641
682
708
708
687
702
716
731
700
674
687
649
654
646
677
269
385
643
692
672
672
677
705
698
679
682
659
664
672
679
670
679
700
628
644
659
695
702
690
700
710
667
636
661
636
659
677
646
662
641
641
618
636
667
648
639
684
634
633
664
639
633
654
615
608
631
620
598
605
548
518
500
541
562
554
607
585
633
