--Chris Dhakal at Tue Jan 28 16:18:38 2025 272 points
700
641
639
685
656
644
664
654
674
679
675
656
713
703
646
620
669
631
651
588
592
615
611
602
585
636
610
602
654
657
672
653
664
713
695
713
654
654
710
682
659
738
677
736
680
666
729
692
682
669
710
724
676
695
731
708
684
703
726
700
674
700
710
710
675
690
707
718
700
710
729
733
731
715
728
711
738
721
720
744
748
711
769
761
790
764
721
797
749
797
706
794
788
784
746
754
803
759
772
733
782
774
739
792
777
754
695
748
785
726
723
738
772
759
687
692
731
726
669
698
689
713
700
680
712
700
690
662
687
700
692
687
695
749
731
705
764
759
718
690
733
723
682
644
677
677
669
679
687
747
725
713
690
715
705
711
702
736
713
725
729
746
723
697
736
716
700
661
716
717
688
700
710
723
713
708
725
705
693
700
689
700
659
700
687
683
664
674
674
688
687
669
697
667
726
654
684
713
690
646
690
715
685
636
676
685
687
644
674
687
703
679
708
718
731
695
743
711
720
685
725
731
749
741
736
728
751
746
713
751
767
751
713
746
775
754
682
728
792
744
700
728
777
802
721
718
746
762
735
780
769
767
736
746
738
736
693
728
754
741
700
746
746
710
693
738
669
654
667
725
662
628
