--Ethan  Chopra at Wed Feb 12 10:33:58 2025 287 points
646
710
752
743
695
713
690
679
626
600
630
629
636
648
646
731
744
718
723
738
716
695
697
685
697
690
643
654
685
677
664
641
664
610
610
639
595
592
595
605
623
587
649
685
659
654
623
641
577
630
572
598
615
597
1229
1553
613
667
664
654
641
664
667
669
715
667
702
718
716
625
641
675
646
674
662
659
651
659
703
674
682
669
672
646
626
661
616
638
685
618
597
626
587
646
728
647
618
610
577
597
608
600
636
710
710
721
708
735
672
634
638
595
577
600
592
618
687
695
736
736
741
726
712
698
705
677
667
666
662
664
682
746
733
726
715
711
695
676
657
659
631
625
669
683
710
749
758
700
706
659
653
624
620
662
648
675
723
700
705
690
694
634
631
656
636
667
669
733
721
694
685
698
651
633
646
608
610
657
646
669
713
677
666
654
649
628
618
639
623
648
700
672
669
675
625
583
589
546
541
575
602
841
806
856
900
879
867
772
682
654
659
666
677
698
666
657
669
639
635
657
674
662
654
628
584
562
597
557
584
682
793
823
859
864
841
831
784
703
677
690
653
649
672
702
677
690
726
677
664
656
677
651
652
695
612
621
615
585
597
631
633
644
654
651
628
636
618
623
649
618
613
659
628
651
662
613
612
647
682
592
654
597
582
616
620
672
710
