--Ethan  Chopra at Tue Jan 28 16:55:49 2025 157 points
849
856
798
813
825
829
753
777
841
839
833
854
903
833
728
705
764
831
862
810
849
959
912
806
812
875
843
782
795
852
815
790
879
844
831
802
833
782
767
836
810
790
823
836
805
862
830
818
852
810
741
774
834
820
800
898
915
854
787
851
880
836
795
879
892
864
813
869
900
854
805
880
879
808
787
823
877
839
841
897
893
835
854
870
830
811
869
877
843
852
835
790
775
889
867
864
895
854
805
856
803
759
790
871
849
857
920
895
877
928
918
844
830
872
885
836
877
946
895
871
921
892
841
872
877
820
842
943
903
871
893
877
864
913
887
866
872
959
939
841
889
885
856
783
841
930
957
959
951
918
874
852
889
898
836
782
807
