--Ethan  Chopra at Tue Feb 11 14:45:33 2025 248 points
713
651
690
692
677
652
625
680
687
702
693
684
698
641
648
611
559
592
610
600
654
733
785
772
867
792
741
764
710
731
708
695
705
759
736
761
782
746
770
741
710
738
739
728
703
728
761
762
715
744
756
736
762
753
739
708
738
772
746
728
723
762
759
708
687
720
757
694
685
705
718
672
669
741
736
744
702
705
723
718
718
731
782
734
733
741
779
770
725
726
726
748
693
725
741
777
744
736
766
716
718
697
705
690
674
659
672
687
659
693
733
777
713
671
731
723
682
675
695
748
731
728
723
739
715
708
728
749
813
730
708
710
741
685
674
680
664
618
608
602
564
577
585
587
631
638
687
759
782
759
788
720
692
677
695
764
762
779
798
777
759
707
752
741
756
710
734
743
710
688
700
707
731
685
713
702
692
677
729
707
682
652
705
577
628
582
579
618
577
598
636
748
723
741
764
813
811
789
772
759
721
725
675
664
656
633
629
677
669
700
718
689
654
690
749
800
772
720
700
669
621
633
664
641
639
672
779
782
685
748
803
785
689
664
688
733
726
692
695
748
731
718
680
725
729
743
682
703
