--Ethan  Chopra at Fri Jan 31 10:42:06 2025 220 points
682
743
851
800
690
695
687
752
679
654
672
666
685
720
716
661
685
705
728
664
670
715
749
736
695
682
718
623
635
677
788
769
787
797
767
721
707
744
785
825
764
752
789
811
735
757
749
761
751
726
713
715
780
805
772
779
762
774
744
707
741
736
759
744
741
705
741
756
744
754
692
718
723
759
713
705
703
743
767
767
746
700
707
682
729
738
757
694
675
692
751
770
759
700
705
707
703
738
734
720
693
743
787
805
741
698
715
726
767
715
731
738
798
815
739
702
692
721
674
752
779
803
782
710
664
685
671
739
661
729
702
787
700
723
741
724
741
748
731
700
733
795
708
705
667
659
723
807
783
794
782
747
723
666
649
695
787
831
882
864
851
821
759
720
695
741
790
769
793
741
676
662
697
790
834
789
813
805
780
748
723
754
795
826
854
810
818
741
687
718
713
846
849
892
854
831
812
803
715
657
649
710
841
869
890
872
851
782
736
684
683
725
772
831
805
818
813
794
752
774
