--Ethan  Chopra at Thu Feb 13 15:57:07 2025 187 points
844
831
889
857
820
888
920
810
846
865
874
802
854
844
787
808
851
813
782
874
905
844
836
885
871
793
782
800
851
859
779
749
780
851
879
870
812
711
664
618
659
677
792
841
841
880
923
923
902
831
826
846
900
943
890
833
844
903
925
857
864
907
870
838
769
777
826
838
857
825
785
803
836
794
788
802
846
836
816
759
774
782
836
784
757
787
821
797
780
787
795
812
762
759
805
813
818
797
754
774
800
826
792
759
749
739
810
800
761
757
772
812
823
806
787
813
856
810
798
830
847
823
800
766
744
764
790
810
810
811
810
807
824
756
759
764
782
798
810
792
795
813
815
754
782
769
790
790
777
728
736
697
682
693
743
762
707
724
771
785
805
797
721
759
667
656
618
667
633
626
636
656
710
775
782
710
705
669
716
671
752
748
821
885
892
802
826
