--Ethan  Chopra at Wed Jan 29 16:32:49 2025 210 points
810
811
736
705
687
715
662
664
687
762
797
815
826
844
859
828
823
828
772
746
726
713
692
679
649
674
657
666
672
628
608
654
618
672
731
728
759
815
821
751
715
690
664
644
651
618
651
731
728
672
644
664
625
618
641
600
621
643
695
700
682
652
677
707
731
697
672
675
659
646
648
682
677
685
713
682
661
659
670
636
630
621
561
616
605
697
770
771
808
846
831
795
787
785
759
712
747
782
761
795
805
841
775
738
754
777
723
779
785
836
805
864
836
808
766
770
759
743
713
746
787
798
787
769
774
772
734
753
752
761
736
726
738
739
689
665
669
682
520
675
630
752
782
787
854
867
802
762
764
777
725
713
703
723
751
785
836
864
871
826
769
752
733
764
785
818
864
784
739
733
741
792
808
839
812
759
749
780
743
767
802
803
754
749
715
726
723
784
787
806
807
780
748
788
756
767
669
703
661
649
690
710
654
687
720
759
723
718
713
700
