--Ethan  Chopra at Wed Feb 12 10:29:45 2025 330 points
680
667
700
748
723
695
682
718
690
695
682
654
713
694
677
675
666
675
718
689
667
685
733
698
700
697
723
664
646
690
690
690
689
728
706
718
671
688
664
671
675
682
684
667
685
628
626
635
585
592
634
641
687
738
739
679
667
587
605
570
582
559
589
557
566
623
642
679
731
695
697
680
697
669
680
689
718
675
684
700
654
667
649
648
616
625
641
654
672
703
697
687
685
708
674
672
689
654
657
659
695
669
677
687
602
598
608
564
543
564
539
615
749
772
838
857
846
874
877
913
879
849
728
664
649
600
603
633
641
659
697
731
692
711
710
708
695
697
700
659
646
641
644
641
677
748
752
761
739
720
734
692
677
687
649
610
633
618
616
684
775
792
787
785
743
716
661
646
662
664
697
693
733
687
705
723
736
677
675
635
647
612
616
649
651
692
731
697
698
672
684
651
631
667
659
664
695
726
700
707
700
695
672
661
693
659
630
626
574
567
592
557
633
726
784
767
803
805
820
775
695
630
644
602
608
646
659
685
705
726
689
693
718
712
680
662
651
590
589
605
588
635
729
720
723
687
665
635
621
628
616
643
703
687
697
675
666
639
602
618
580
592
574
590
680
715
726
705
715
677
639
620
572
592
613
580
602
639
623
638
680
659
641
656
605
608
620
605
616
656
652
669
710
662
653
639
613
618
633
595
613
628
561
570
633
613
672
710
690
620
667
607
600
639
618
605
626
607
580
641
638
659
690
639
600
612
588
587
623
633
