--Guguloth Harry at Tue Jan 28 15:56:20 2025 260 points
653
685
669
652
679
664
649
661
662
621
625
590
600
615
580
597
636
592
600
639
638
626
672
690
689
705
693
725
644
705
690
710
646
682
672
669
677
690
713
705
738
703
710
692
713
662
659
692
667
641
654
671
631
610
600
598
600
587
528
544
554
554
559
520
621
559
669
605
641
659
685
669
610
644
625
587
611
538
569
495
605
685
697
667
680
682
679
651
662
659
661
736
775
797
792
754
693
661
636
664
713
659
618
631
600
620
626
597
600
654
654
705
739
710
679
667
685
656
651
644
608
615
641
638
629
628
610
659
656
626
603
682
584
657
664
654
618
615
631
613
623
595
602
631
618
620
659
672
677
672
700
664
695
710
654
667
669
687
654
654
697
667
674
646
700
646
641
670
651
662
664
643
662
661
618
631
656
641
621
605
610
557
636
648
675
700
700
682
656
693
682
666
649
654
633
628
675
646
651
695
672
664
620
639
643
634
633
613
631
648
652
643
646
639
623
631
620
654
651
623
642
658
616
631
671
236
380
608
600
597
559
602
577
621
620
616
628
623
651
677
652
633
679
623
611
651
613
625
649
634
594
644
623
610
654
610
562
577
536
569
