--Guguloth Harry at Tue Jan 28 15:46:54 2025 319 points
759
708
695
651
664
639
656
726
659
661
718
741
708
690
682
718
635
659
700
688
684
690
723
713
661
685
769
749
720
680
715
711
679
715
744
708
700
856
526
666
647
623
597
585
564
874
334
682
553
616
597
659
685
636
597
651
626
610
685
736
787
792
777
718
698
607
588
574
579
613
654
787
795
818
815
775
728
692
672
667
682
720
731
682
705
644
651
613
603
612
588
589
590
608
720
767
764
731
720
682
657
643
698
700
664
651
757
651
631
615
597
549
572
577
643
685
649
641
643
598
608
674
638
688
684
610
600
626
615
657
684
711
707
659
672
631
659
723
692
675
638
657
641
684
703
641
620
644
590
615
695
695
700
687
720
649
618
623
585
605
669
716
735
716
702
677
693
705
741
710
690
661
680
625
698
667
653
616
613
569
561
611
566
572
605
639
664
710
672
679
675
625
636
644
623
597
641
618
693
707
690
654
646
682
669
687
670
669
615
587
631
613
613
702
667
649
659
615
639
679
682
710
688
689
639
654
684
662
687
656
647
628
643
688
671
649
641
605
623
657
643
639
623
615
610
647
674
664
677
669
605
641
662
638
659
670
589
588
600
548
564
588
561
644
702
726
715
708
664
633
644
636
649
641
697
682
677
697
657
626
615
587
582
603
600
636
702
705
711
671
711
653
624
641
582
584
634
630
605
649
603
579
608
569
605
564
582
593
548
588
615
592
611
594
577
621
595
569
592
