--Leo Ali at Sun Feb 9 10:00:30 2025 226 points
726
713
736
671
708
705
708
728
692
644
631
700
720
700
690
721
712
744
738
724
643
685
684
659
746
667
662
641
656
718
749
720
680
677
659
689
716
733
657
697
620
672
700
757
651
523
177
654
656
698
679
672
633
654
687
670
620
656
641
672
716
633
646
667
666
670
718
643
641
657
666
685
656
659
644
649
689
706
633
659
646
674
716
710
631
625
672
662
725
708
664
580
769
577
610
636
605
674
685
695
700
661
649
651
659
693
664
623
664
649
651
705
677
728
570
602
636
708
646
618
631
643
662
718
697
613
646
677
664
680
664
630
616
672
687
702
626
387
246
631
636
677
577
605
1185
615
613
484
759
1041
567
608
600
682
541
633
562
600
620
646
636
590
562
594
708
669
664
603
587
480
823
661
644
561
585
595
682
1792
644
608
720
1208
633
626
646
685
597
541
633
613
616
671
236
918
590
610
672
628
582
646
647
664
705
659
602
618
644
510
803
607
721
595
461
582
1821
602
541
1316
633
305
272
218
892
693
797
374
