--Sam Saini at Sun Feb 9 12:21:37 2025 163 points
998
953
898
851
828
821
843
816
890
964
941
948
972
990
918
892
864
841
844
841
782
769
757
789
831
834
912
934
871
877
867
882
867
815
818
805
834
818
848
846
816
761
734
805
931
1005
1000
992
995
956
928
883
866
782
759
749
715
721
646
774
1021
1025
1047
987
936
895
866
846
793
766
764
795
811
856
887
834
787
777
766
846
888
889
895
957
971
975
915
846
757
761
680
674
654
703
871
1275
1159
1123
1064
1097
1057
979
944
913
841
769
779
762
808
915
977
997
977
969
888
864
838
836
800
751
698
710
790
925
983
956
964
954
951
905
836
818
818
733
741
806
866
839
864
941
946
931
938
921
902
887
831
816
779
800
859
910
864
900
936
923
908
916
897
903
894
900
877
