--Banoth Tyler at Tue Feb 4 15:38:57 2025 207 points
579
664
626
682
561
593
677
707
677
590
703
530
634
782
848
724
602
636
695
1746
518
656
793
813
702
682
544
597
567
551
590
567
607
695
987
564
595
1131
556
570
1048
531
569
521
543
624
533
672
607
547
607
572
549
600
1089
511
543
529
523
564
515
605
1154
608
587
528
1139
589
590
559
603
512
593
559
582
538
557
612
583
615
608
584
608
646
572
595
554
623
628
600
556
1116
589
582
572
608
603
676
588
564
602
641
657
751
672
595
520
526
561
570
251
1364
585
687
759
723
646
638
603
587
616
597
605
610
611
636
617
585
639
618
605
636
641
689
703
618
620
562
567
571
593
569
615
577
590
638
634
636
620
536
677
615
585
603
617
575
1184
506
615
510
549
495
569
592
572
600
531
564
577
585
617
613
595
644
584
611
656
623
605
611
602
595
600
561
595
513
1167
497
580
546
577
667
689
639
641
600
572
617
583
571
534
612
642
671
677
1364
646
