--Banoth Tyler at Fri Jan 31 08:39:21 2025 218 points
667
700
633
605
646
605
611
674
646
657
659
635
670
666
718
626
595
677
759
720
636
657
653
647
694
639
602
659
667
680
651
590
628
646
664
623
649
643
641
639
574
544
556
546
575
523
523
572
587
654
641
633
628
626
618
636
597
593
638
623
590
592
557
574
585
543
598
587
648
665
659
679
664
613
631
620
598
602
618
610
624
664
633
620
644
610
618
644
595
602
626
597
606
669
620
585
595
584
595
572
572
628
577
554
587
577
615
611
620
621
584
608
656
631
610
605
559
577
577
580
628
618
656
690
674
716
677
700
664
638
664
641
608
598
569
597
698
705
641
618
592
603
625
608
613
574
572
636
651
654
608
610
592
639
692
662
612
623
631
677
746
664
616
615
580
628
702
682
659
631
608
574
613
572
577
592
572
613
636
587
615
582
598
577
584
677
590
625
606
584
554
577
551
575
623
628
613
615
564
572
549
554
569
569
572
572
595
664
623
625
636
623
670
712
723
739
720
713
