--Banoth Tyler at Thu Feb 13 16:57:16 2025 155 points
685
669
623
667
664
651
718
680
713
636
669
669
746
713
708
754
766
721
771
836
844
815
782
829
797
787
782
790
769
708
723
715
734
720
680
764
674
754
677
774
708
715
659
682
808
751
675
756
598
759
664
720
721
705
679
708
692
749
656
652
659
695
715
700
659
726
779
726
659
677
736
717
639
695
797
726
631
1392
738
677
662
651
657
607
1293
623
1400
620
675
664
643
3290
651
1234
671
654
618
762
792
205
1241
716
759
761
685
633
692
726
733
626
736
674
767
608
648
775
1253
1224
1351
623
646
659
687
593
656
1308
623
646
600
708
735
1218
639
690
1277
641
728
574
600
1228
685
628
1274
595
544
1126
1441
589
636
1195
1164
1193
1148
1769
616
