--Banoth Tyler at Thu Jan 30 15:23:52 2025 339 points
620
639
661
662
618
623
648
621
590
625
636
682
705
675
607
624
656
636
613
666
670
661
646
567
600
579
547
694
734
687
649
677
648
654
646
593
600
651
656
644
626
589
680
646
579
570
592
531
556
544
607
552
546
554
571
644
690
300
887
551
572
608
569
554
546
546
567
564
551
518
536
562
561
574
549
582
557
595
525
559
562
571
585
636
603
571
705
693
679
649
582
592
600
562
602
613
654
618
603
602
636
585
579
618
562
597
577
544
600
530
567
572
577
628
615
608
636
600
595
608
556
608
597
669
677
621
633
659
615
588
636
597
726
443
582
577
572
582
597
585
587
608
597
595
577
523
600
567
602
552
559
572
584
592
565
561
598
551
597
567
572
610
597
631
664
618
593
589
572
608
523
549
643
657
633
643
626
651
662
595
600
638
616
620
592
608
644
610
587
651
639
677
608
607
613
605
585
559
543
559
582
547
582
574
603
635
603
608
636
576
577
562
582
572
523
584
593
600
607
595
605
593
559
582
556
528
567
549
577
579
569
616
561
613
559
572
590
607
629
638
572
610
564
590
590
577
600
636
605
595
592
479
631
528
593
541
541
556
564
585
556
580
610
595
620
549
556
600
559
577
552
551
633
577
610
600
636
652
584
593
628
584
575
589
572
598
582
577
605
572
584
628
593
615
580
594
600
565
607
575
566
585
569
572
579
593
602
605
606
594
557
613
584
603
608
587
584
629
310
882
561
562
600
559
567
574
579
634
566
613
657
653
639
659
661
657
733
654
615
