--Banoth Tyler at Wed Feb 12 15:22:06 2025 220 points
594
539
549
551
528
536
531
554
556
569
626
626
659
628
574
546
600
503
577
474
577
562
587
625
618
585
592
585
620
616
561
585
551
549
559
533
554
541
587
613
582
582
534
579
587
541
554
482
605
585
572
592
577
587
618
544
569
546
536
564
490
548
480
549
497
598
656
620
613
587
585
574
565
753
339
595
589
585
562
548
570
597
579
593
582
525
572
554
549
561
539
595
602
623
629
566
585
623
574
585
531
510
556
531
551
529
559
571
598
623
597
582
618
554
572
531
559
579
549
585
556
567
612
536
585
523
541
549
513
584
551
580
615
611
610
561
570
582
582
587
602
541
618
621
626
638
559
536
582
554
582
151
941
592
565
584
595
600
582
557
592
554
541
564
543
539
526
553
559
552
564
543
570
587
587
605
500
556
485
518
549
533
603
602
580
592
590
600
628
574
582
549
577
559
508
574
528
580
587
564
587
587
564
759
500
593
607
565
556
520
572
564
536
557
561
585
623
641
631
597
