--Banoth Tyler at Mon Feb 10 12:14:02 2025 279 points
713
680
610
649
728
779
718
664
654
674
816
779
698
654
623
674
862
815
731
620
682
705
772
710
683
659
653
708
759
685
648
608
682
687
1200
680
743
864
765
707
654
574
634
579
582
641
649
682
713
674
621
697
652
615
646
628
646
703
664
654
644
687
654
656
674
654
623
608
559
667
718
756
672
661
741
790
826
748
688
743
857
743
639
725
864
947
859
679
667
615
674
693
766
808
790
774
698
692
726
794
829
1446
641
625
662
754
805
703
702
615
688
725
826
731
659
559
697
657
746
859
792
479
895
685
672
705
679
621
608
623
610
656
723
708
659
646
698
587
787
646
567
625
659
700
372
349
608
571
611
579
569
631
662
589
636
641
572
562
589
552
648
582
562
556
580
590
571
616
649
715
685
682
648
567
608
630
595
764
649
787
698
597
651
654
675
697
639
561
667
613
736
838
764
703
720
718
708
679
626
528
841
833
859
790
754
792
813
757
692
769
749
720
682
611
592
600
846
882
869
759
813
746
639
638
652
669
733
633
647
694
757
831
756
639
666
744
733
631
574
626
623
687
767
851
795
713
702
739
692
667
569
659
638
775
784
716
613
653
729
836
797
695
608
653
636
695
1182
685
769
757
533
618
664
685
684
672
679
654
644
