--Alex Chavan at Tue Feb 11 17:19:17 2025 343 points
602
621
582
569
595
569
595
556
552
584
595
626
684
670
674
659
628
621
633
602
585
621
566
564
585
531
587
577
584
670
687
736
738
736
692
675
666
603
587
593
559
548
562
554
597
587
657
689
680
726
733
746
656
626
610
564
554
577
562
577
553
565
651
641
672
684
644
646
651
613
582
598
556
556
585
564
605
603
649
687
661
649
633
641
590
603
566
557
577
554
574
541
551
590
561
590
577
592
634
597
582
608
597
588
582
553
572
536
557
530
526
577
574
631
659
710
705
711
651
603
658
606
594
613
541
567
595
561
582
549
549
587
549
590
559
587
656
654
646
669
613
587
611
582
574
592
564
585
546
544
556
531
544
520
577
610
710
688
738
700
708
674
685
646
633
646
608
577
592
549
582
564
544
582
559
651
700
687
641
652
607
598
605
577
602
580
582
592
562
556
544
528
541
536
587
597
654
711
651
636
628
610
598
623
577
574
590
564
577
523
541
569
546
590
572
597
618
621
600
625
605
590
598
569
585
541
548
575
533
561
524
551
531
530
575
569
644
656
664
639
635
608
598
597
582
595
551
564
580
546
567
523
559
528
531
571
559
593
572
579
608
577
559
571
554
569
547
564
551
549
572
533
567
525
531
569
541
567
549
553
577
559
595
562
577
574
587
598
556
572
590
576
588
561
539
564
525
547
510
536
510
518
561
580
636
646
631
633
628
598
648
565
559
574
538
564
516
1056
472
564
518
554
536
564
595
605
644
620
664
649
649
543
587
575
546
579
529
571
531
528
541
544
541
