--Chris Dhakal at Wed Jan 29 14:06:03 2025 297 points
661
700
667
692
705
726
677
710
697
718
657
672
702
659
680
653
685
692
654
675
671
629
638
621
630
644
595
579
626
597
590
636
603
600
623
587
625
665
628
600
649
620
631
654
648
641
670
643
664
682
623
654
680
664
661
662
723
685
651
692
667
631
641
687
651
662
687
672
684
662
690
702
687
677
677
682
667
672
648
652
656
626
666
659
616
643
659
664
626
623
687
652
633
674
654
677
664
646
654
649
687
656
652
702
667
672
656
703
677
687
687
662
684
682
716
666
705
726
713
669
687
700
711
671
670
710
690
671
670
697
654
654
659
654
664
661
680
682
695
694
667
677
687
690
633
639
682
651
654
649
638
641
644
648
688
705
700
677
707
718
685
664
669
672
615
631
659
641
639
610
610
641
654
654
633
641
695
613
613
674
651
647
674
685
728
692
726
718
738
708
702
706
687
682
692
662
702
708
684
657
690
705
669
697
744
700
633
636
693
715
695
666
744
787
728
688
700
700
674
654
649
620
680
694
680
705
754
767
717
703
733
703
692
669
693
672
620
623
669
677
652
646
674
662
654
664
659
684
700
685
679
685
702
654
634
659
630
634
618
656
641
669
693
643
641
698
656
649
654
718
702
698
689
739
741
718
664
702
695
690
705
698
707
711
702
692
693
654
643
652
661
662
610
638
652
610
592
