--Chris Dhakal at Fri Jan 31 09:37:28 2025 321 points
623
654
697
644
679
695
721
633
418
828
544
682
574
667
664
703
712
716
702
685
677
656
652
561
723
646
577
605
631
577
587
523
703
510
641
528
1254
539
646
595
972
228
679
580
646
610
657
576
1172
569
611
631
628
656
698
674
656
670
735
629
654
700
658
683
607
662
646
667
710
677
707
739
705
669
628
654
659
634
633
664
656
672
705
688
538
795
636
608
661
667
682
636
677
653
662
641
633
554
644
618
618
651
600
620
641
621
621
620
618
641
692
641
664
693
636
677
656
659
664
654
661
639
641
672
661
644
659
656
646
639
651
298
384
600
677
646
639
666
608
590
592
582
603
602
623
647
633
641
646
646
654
654
641
602
634
620
618
616
636
671
644
651
634
569
723
667
643
644
620
613
608
582
628
628
605
1172
605
644
610
639
694
644
646
639
610
626
641
625
600
669
608
628
631
633
629
643
613
623
649
615
636
646
600
587
649
608
620
621
600
595
607
585
639
638
636
651
654
631
623
656
608
623
649
623
643
595
595
613
605
633
585
587
585
618
200
369
633
649
592
606
638
644
628
643
1211
628
613
610
638
652
628
646
292
359
623
644
620
603
628
649
569
662
589
606
571
623
606
574
600
638
639
595
643
626
585
661
592
624
623
597
646
616
646
643
644
623
590
677
630
606
664
561
1267
1120
590
492
529
556
639
623
664
1320
551
1159
585
1077
595
574
567
623
620
629
546
495
595
215
887
498
1025
718
218
