--Chris Dhakal at Tue Jan 28 16:10:23 2025 225 points
703
761
808
815
795
718
731
656
657
674
644
636
671
644
628
631
610
628
667
708
700
664
666
654
716
733
754
679
741
749
754
746
695
749
733
715
677
685
744
700
687
733
764
713
749
764
774
723
744
746
715
688
720
759
731
690
705
774
749
690
707
803
772
712
749
795
731
705
772
795
782
748
805
798
751
710
726
762
710
677
741
802
770
743
805
744
785
720
726
766
734
712
695
736
705
698
702
706
671
718
680
715
705
703
710
733
731
718
718
715
698
702
700
726
713
713
718
705
687
710
700
713
695
728
731
744
710
723
728
718
685
723
736
718
689
749
762
735
706
735
770
736
700
738
774
782
729
730
765
753
723
757
792
708
790
771
772
726
715
767
767
741
715
756
798
733
744
782
782
764
741
764
749
713
743
754
741
713
728
772
713
679
708
774
728
698
736
800
743
744
795
790
748
754
759
780
712
736
754
739
702
710
754
746
724
733
795
761
731
749
787
790
759
771
803
764
721
784
775
705
692
713
710
669
657
