--Chris Dhakal at Tue Jan 28 16:23:08 2025 275 points
720
772
769
729
795
766
757
712
803
810
808
774
811
771
690
849
741
754
656
733
739
802
600
700
772
695
746
749
803
671
752
679
674
734
610
631
649
682
318
453
721
720
693
715
718
649
666
659
685
710
716
648
823
731
754
856
790
757
843
785
749
792
767
748
739
797
713
723
762
787
756
757
764
823
795
789
859
405
288
787
661
759
726
669
726
731
728
690
761
772
726
712
731
805
780
761
798
769
746
805
749
726
738
741
800
744
736
766
731
744
736
479
233
680
728
726
720
710
747
700
671
664
729
728
697
670
733
713
746
705
749
733
710
767
710
680
705
682
672
720
657
666
667
631
669
656
636
669
695
664
680
703
753
741
752
759
782
795
746
789
757
756
726
731
754
759
730
682
736
767
695
723
743
793
710
751
757
730
675
679
775
692
687
698
766
728
752
759
766
729
689
693
741
741
687
708
735
700
675
697
754
790
728
769
762
751
710
741
762
713
748
734
728
710
762
746
769
800
798
779
790
792
749
569
149
754
725
682
693
756
764
710
790
726
772
720
736
759
705
726
751
723
736
746
703
707
677
713
690
723
723
756
747
723
715
733
759
711
710
720
752
725
664
606
1238
595
585
653
690
751
762
749
787
774
882
