--Chris Dhakal at Fri Jan 31 09:29:33 2025 305 points
718
664
659
610
595
649
592
611
633
654
669
669
569
634
610
631
674
726
664
731
1418
597
379
772
1139
495
1330
823
1567
810
741
1390
2451
662
608
689
629
633
636
615
595
536
633
639
713
769
754
761
718
1367
713
620
677
672
659
672
679
608
605
577
492
687
618
721
782
785
748
705
670
643
608
590
607
531
551
1044
654
659
677
736
725
687
641
606
535
626
1033
672
634
638
656
600
577
595
482
1008
597
641
647
666
685
649
587
597
539
579
544
536
530
498
461
1180
615
639
692
638
644
618
582
541
554
518
533
549
505
528
493
541
418
607
521
587
582
541
682
585
559
536
528
590
538
544
525
534
505
528
554
282
236
646
641
674
680
697
651
613
544
561
541
523
526
518
523
487
1495
585
613
610
626
630
593
584
564
539
538
562
533
528
557
505
528
541
695
572
723
725
736
741
621
672
546
602
557
490
1030
518
536
523
511
489
562
536
651
726
710
738
718
685
651
577
621
510
554
551
513
551
508
525
498
513
623
623
700
713
689
695
654
590
556
564
534
569
472
564
472
512
547
533
538
511
538
495
605
603
651
651
682
667
626
592
600
513
538
539
525
505
521
485
505
543
549
631
748
767
767
761
700
636
603
584
439
659
513
530
495
546
503
526
482
520
511
956
723
641
659
644
628
641
574
590
536
523
515
495
508
464
579
498
528
508
531
505
546
561
582
