--Ethan  Chopra at Fri Jan 31 10:34:59 2025 184 points
729
712
688
723
733
703
646
723
718
715
716
715
733
749
697
693
695
477
917
680
656
690
744
751
700
731
715
708
687
708
718
733
672
623
677
715
736
762
736
756
795
720
682
708
792
780
738
711
720
844
569
710
703
661
646
680
731
695
715
782
797
785
728
728
736
703
705
697
747
748
729
692
743
808
798
782
720
695
715
744
703
689
734
761
785
687
746
733
752
728
672
679
728
788
735
680
690
741
731
761
741
695
595
772
664
697
716
615
687
659
695
690
828
679
682
665
617
642
638
703
710
718
659
659
656
708
715
749
679
654
664
677
708
710
700
703
707
736
749
759
769
744
728
759
780
787
764
743
836
716
730
675
692
744
702
375
336
684
746
752
692
682
700
718
692
716
743
759
728
734
771
670
730
716
708
723
720
723
700
710
718
677
695
726
