--Ethan  Chopra at Fri Jan 31 10:45:42 2025 272 points
644
574
567
631
671
808
874
875
925
939
913
913
889
852
851
782
723
708
687
667
707
695
680
661
715
767
787
718
718
746
749
762
684
703
725
757
700
705
682
708
746
726
679
759
774
777
749
746
780
802
731
703
707
772
726
674
715
762
792
767
713
654
843
759
690
672
707
726
731
723
733
785
777
741
723
738
754
733
700
700
739
713
718
702
739
705
684
700
734
731
700
669
705
708
697
692
747
756
754
720
744
713
705
679
688
674
697
703
720
713
751
744
726
697
695
718
726
300
379
746
736
716
689
662
651
698
738
641
697
754
772
767
777
738
787
752
728
705
728
728
700
703
728
780
741
543
713
664
613
677
746
705
664
708
723
674
744
774
818
787
762
736
726
771
759
772
790
790
707
723
682
695
757
810
831
864
790
759
735
708
631
613
656
649
746
856
880
879
862
803
697
659
641
728
559
557
666
582
590
572
590
1400
859
528
697
418
459
105
557
551
543
611
569
569
577
549
608
653
754
790
854
854
405
379
700
644
633
667
684
644
636
826
761
862
833
831
849
820
326
361
854
736
720
698
679
639
687
818
864
777
782
818
854
656
762
756
764
698
746
800
767
994
516
731
769
666
644
687
646
757
751
733
