--Guguloth Harry at Tue Jan 28 16:00:12 2025 304 points
664
702
659
631
641
615
595
662
648
639
679
734
672
661
687
657
648
685
738
670
687
700
728
695
685
707
664
585
644
569
613
612
557
569
623
623
631
672
638
667
677
592
628
621
587
598
664
612
703
623
636
674
729
684
687
698
692
690
695
651
685
648
711
600
659
643
680
674
685
679
710
664
662
664
618
638
629
605
656
687
641
647
679
654
708
656
708
687
687
685
710
610
636
608
600
620
657
597
657
679
667
707
690
692
708
623
662
636
612
695
649
641
669
631
628
662
695
697
713
703
700
717
636
664
636
652
643
646
672
657
638
680
700
733
690
679
662
659
623
636
671
682
695
685
667
705
705
733
703
697
682
672
695
705
674
675
682
664
702
706
697
739
702
610
652
610
602
598
656
623
634
682
643
646
649
641
662
656
672
672
715
736
739
700
669
687
687
664
651
675
643
644
662
661
698
702
739
746
702
677
680
628
646
680
641
602
698
628
651
718
605
674
716
710
716
689
685
708
671
629
671
608
649
664
659
651
685
641
651
667
679
646
644
679
611
623
677
610
649
671
647
641
674
572
641
574
618
649
695
677
692
708
702
687
652
669
623
646
616
630
623
649
641
649
659
659
646
669
646
634
612
624
620
610
618
590
585
602
587
636
605
567
1249
948
693
592
557
569
625
570
610
605
615
631
641
634
625
633
626
582
585
549
612
593
