--Banoth Tyler at Tue Feb 11 17:47:16 2025 203 points
739
915
926
800
723
749
736
735
867
980
877
861
885
864
838
762
933
900
792
721
787
885
848
829
861
759
698
718
766
734
784
857
876
703
741
746
826
808
794
954
913
782
772
803
756
646
808
774
713
772
792
759
764
759
774
767
731
659
674
657
638
633
593
651
785
897
910
882
831
775
705
656
690
669
649
700
764
725
816
859
805
785
735
700
670
715
731
723
815
726
749
759
679
731
761
698
682
695
705
690
687
682
682
674
682
739
751
710
682
698
667
646
643
667
633
631
721
733
736
725
736
703
715
670
712
680
672
666
687
672
708
733
736
700
677
698
638
644
641
643
654
649
690
694
608
656
629
607
667
572
602
647
592
654
700
677
633
644
618
617
662
615
603
603
571
611
620
633
647
648
641
636
654
651
649
672
643
667
636
638
634
651
636
633
654
723
690
697
682
652
597
613
613
610
687
695
708
713
766
780
702
698
697
