--Chris Dhakal at Wed Feb 5 15:03:55 2025 232 points
593
615
631
620
621
615
636
667
620
588
607
603
602
598
590
648
618
595
615
624
646
659
648
685
667
702
664
595
631
600
615
636
623
649
692
654
613
651
646
639
641
633
646
644
605
608
646
631
620
621
625
634
641
587
628
664
626
610
651
621
615
616
602
611
633
590
602
659
616
594
629
623
618
625
608
621
648
603
628
633
636
626
618
625
631
577
592
636
623
595
641
641
629
625
608
633
644
602
613
654
615
608
657
633
626
625
631
654
654
628
651
654
620
621
641
597
577
598
566
575
584
593
638
634
617
654
695
646
626
677
618
602
611
584
585
592
577
618
603
595
628
607
611
625
580
613
605
587
582
638
598
610
582
616
625
600
608
641
615
593
618
600
592
610
590
638
626
597
624
617
611
618
582
615
621
592
602
657
631
610
654
646
623
631
623
651
659
615
624
653
616
587
631
618
623
628
623
636
644
607
623
657
618
595
635
641
662
669
626
656
1213
680
651
618
602
626
621
587
597
569
598
597
611
620
572
582
631
592
590
628
615
616
