--Chris Dhakal at Thu Feb 6 14:29:41 2025 289 points
759
723
713
723
715
662
736
787
705
731
756
774
708
718
774
739
764
744
779
713
708
720
728
716
700
715
733
677
680
705
1305
751
757
684
670
1202
913
513
831
846
800
807
731
1459
1800
564
595
551
613
595
654
769
854
908
943
929
864
802
754
715
693
689
613
605
598
602
624
684
816
884
828
841
816
802
767
690
651
644
605
584
598
536
597
649
769
792
798
810
823
767
728
695
672
620
595
608
287
300
538
616
679
828
857
882
841
815
788
758
724
671
595
577
616
543
582
559
521
566
552
618
676
765
789
811
800
800
759
720
695
661
603
592
611
574
605
610
716
746
782
751
723
700
695
631
620
608
559
567
577
597
582
651
634
628
667
664
697
803
849
815
813
779
736
713
754
636
646
646
600
556
567
615
649
695
708
705
690
653
621
646
603
582
623
597
613
628
587
611
666
662
679
770
825
793
787
777
728
738
639
636
589
577
1123
575
584
634
713
728
759
710
685
630
652
595
605
582
577
571
572
575
643
623
626
667
700
771
782
818
782
762
726
694
685
618
592
598
551
585
548
567
631
759
772
794
777
764
721
695
672
577
566
600
536
562
579
551
608
626
659
697
721
784
816
864
838
798
782
743
3095
572
556
575
556
551
547
584
585
615
636
631
661
654
713
646
670
676
644
654
656
