--Chris Dhakal at Mon Feb 10 15:47:17 2025 193 points
551
577
548
572
613
585
615
628
631
641
677
656
659
659
652
661
690
674
636
675
733
682
664
674
667
636
620
680
672
656
667
661
680
667
630
664
654
636
631
656
677
626
656
693
648
649
697
670
669
654
707
675
656
682
685
661
641
688
674
651
657
643
664
672
644
659
669
677
638
659
682
631
639
664
628
628
644
636
643
644
641
661
654
649
649
659
664
620
623
659
623
605
636
647
633
641
628
649
669
623
641
677
626
620
646
652
659
638
659
646
639
633
605
623
646
593
618
641
623
620
652
641
643
659
667
695
702
646
664
672
654
613
631
672
628
613
669
664
649
653
644
662
661
615
636
664
618
593
641
610
597
626
628
629
630
631
641
631
595
610
651
603
584
624
620
605
605
613
626
638
600
636
692
654
621
659
625
603
628
621
620
636
613
613
613
607
618
613
631
659
625
588
625
