--Chris Dhakal at Thu Jan 30 14:18:42 2025 269 points
656
687
657
661
667
705
708
700
702
744
718
679
680
677
664
700
733
687
713
749
741
733
641
644
687
654
656
639
602
575
661
677
754
736
697
693
715
715
723
636
705
693
720
728
708
662
702
687
713
718
754
700
328
400
736
739
733
705
713
705
710
672
708
700
690
623
635
752
751
690
679
731
726
689
629
669
672
679
698
623
646
705
687
659
626
654
659
684
692
662
700
718
726
666
618
628
595
431
205
626
705
756
800
754
718
644
674
682
685
651
636
685
710
725
695
726
744
766
728
698
613
595
610
641
720
759
775
684
726
731
751
759
744
728
707
724
687
687
692
710
680
420
311
633
672
618
623
695
707
734
677
641
636
666
716
705
666
654
695
680
674
667
633
644
669
708
702
669
698
697
705
808
521
612
613
664
690
703
666
670
715
728
757
774
677
677
679
769
708
654
651
639
705
746
756
749
657
664
705
692
721
712
693
648
700
731
769
762
697
693
710
679
690
687
708
718
723
708
705
661
683
715
720
644
608
618
582
587
684
739
779
734
692
639
648
667
638
613
634
566
575
559
543
1062
482
579
444
554
1033
536
533
531
618
644
589
675
715
677
692
703
710
659
654
669
615
616
643
662
692
