--Chris Dhakal at Thu Feb 6 14:34:42 2025 309 points
533
629
592
600
602
549
587
654
551
626
687
721
692
767
687
1300
528
580
597
585
610
646
590
623
1292
559
657
579
1267
636
625
688
671
721
710
744
728
708
743
710
665
602
605
598
628
615
608
633
700
677
657
707
682
718
693
712
641
682
739
754
713
728
733
718
723
685
720
703
674
669
639
685
674
685
994
362
677
690
702
657
625
662
648
672
659
657
651
661
680
615
618
654
641
639
661
700
708
659
682
743
726
685
674
674
700
757
687
656
665
717
683
671
677
746
736
680
659
628
626
636
602
656
649
634
648
654
677
656
639
667
682
661
662
618
636
671
641
623
647
694
667
646
662
666
703
705
675
656
631
636
600
610
626
633
656
623
631
651
657
628
615
662
715
657
654
679
703
710
756
700
711
725
695
254
1059
690
646
651
682
677
672
661
682
675
674
685
633
672
708
715
669
682
693
705
666
772
572
692
646
662
649
679
654
700
687
713
690
682
690
702
718
687
700
703
759
718
682
687
759
700
679
672
708
690
684
682
708
710
703
692
715
739
733
690
738
729
702
675
723
715
692
677
700
713
703
702
631
646
675
712
654
680
748
706
684
721
756
741
698
710
674
657
651
679
713
662
664
679
708
687
667
705
723
718
674
718
728
729
684
723
747
738
679
698
679
703
692
677
251
393
813
689
685
682
726
677
710
718
702
682
675
684
649
662
633
644
633
602
583
