--Guguloth Harry at Thu Jan 30 16:06:23 2025 340 points
549
616
584
651
724
656
687
682
672
615
616
638
577
585
569
574
603
600
615
644
597
618
603
559
572
510
564
713
723
751
718
690
623
623
628
595
585
605
559
556
523
544
464
600
572
533
572
551
603
638
267
405
610
636
559
572
551
523
605
667
736
762
784
759
680
623
600
554
556
546
587
641
639
648
667
603
579
575
525
567
572
669
723
695
692
633
585
531
559
497
531
495
559
615
695
739
753
693
679
634
633
592
580
543
528
600
577
647
666
644
615
605
564
554
528
577
636
631
649
666
626
590
587
554
582
564
572
602
585
582
536
556
634
641
707
718
693
620
598
543
523
544
559
602
606
615
641
572
538
572
541
587
569
588
607
562
572
518
520
546
569
683
684
659
646
644
569
572
531
548
598
559
600
554
559
561
549
577
533
569
559
562
626
671
675
677
625
562
561
521
564
559
579
618
572
533
554
529
546
495
523
500
553
559
621
654
620
605
593
548
565
510
500
528
556
603
641
649
656
600
572
559
544
576
577
603
638
588
569
572
535
542
497
533
554
628
700
677
664
631
592
562
577
528
582
641
646
677
693
638
585
595
569
577
577
538
587
546
598
554
569
595
577
587
615
569
570
530
544
600
587
641
616
605
600
569
559
569
531
536
523
554
515
513
541
533
631
698
741
710
713
623
597
613
582
608
654
625
605
585
531
541
495
541
533
615
682
662
646
646
585
549
559
520
539
525
582
608
646
641
551
600
549
526
551
551
580
628
613
605
697
593
582
577
564
582
538
557
538
516
