--Monica Kumari at Thu Feb 13 18:27:35 2025 216 points
702
675
666
570
574
556
577
598
574
593
605
559
610
626
641
623
669
641
610
621
615
651
662
564
592
557
625
649
608
623
643
629
620
633
626
639
661
610
621
641
600
592
618
598
689
685
672
646
620
634
615
577
572
531
592
600
602
585
582
631
595
590
646
643
631
651
670
633
661
634
607
670
633
615
626
572
579
634
628
651
664
657
636
648
636
618
600
595
587
613
590
569
613
618
600
625
588
615
623
595
602
567
580
620
585
602
662
618
618
641
638
618
621
597
585
656
631
628
621
536
576
552
530
559
544
582
590
567
574
584
642
653
711
723
738
716
700
676
713
677
703
664
672
677
684
672
626
595
676
695
687
706
720
721
684
675
682
646
666
675
669
649
687
703
625
636
564
618
569
644
551
608
561
588
612
603
618
656
606
648
639
615
595
605
569
577
587
1249
459
690
592
610
603
656
688
682
646
618
607
639
631
507
772
626
628
636
608
605
646
649
682
689
700
664
659
677
