--Monica Kumari at Thu Feb 13 18:43:26 2025 255 points
592
664
715
729
766
803
795
749
679
697
670
692
728
780
782
713
641
687
672
628
600
564
597
685
702
739
764
777
803
761
754
733
675
671
695
711
733
759
733
728
688
715
690
674
656
706
635
626
682
675
682
661
687
677
672
713
702
682
682
718
667
659
659
697
654
646
683
697
718
708
700
684
705
657
654
692
736
761
772
728
703
646
659
636
685
743
739
712
688
733
700
682
646
680
671
688
682
643
628
659
718
706
748
721
697
664
659
659
618
616
661
633
665
646
630
631
659
693
651
636
674
662
641
638
631
664
672
718
671
613
659
659
695
700
721
623
625
667
659
672
687
667
659
674
708
651
638
652
648
672
672
682
633
657
674
600
585
615
621
646
677
646
641
692
664
652
641
618
633
654
661
652
682
733
710
705
670
712
703
659
641
620
629
618
592
654
692
726
682
641
674
672
664
667
646
646
649
679
634
602
636
613
618
654
595
594
706
666
639
648
654
690
679
713
662
610
636
628
636
690
692
700
657
625
631
595
600
649
679
705
692
706
697
662
671
659
646
606
638
667
620
677
698
618
625
610
624
646
674
600
603
677
702
685
718
