--Monica Kumari at Wed Feb 12 18:28:00 2025 356 points
751
824
828
805
843
862
872
805
800
651
1059
603
715
751
764
703
787
831
815
841
808
872
833
810
831
826
754
815
846
857
836
864
874
508
251
815
847
818
787
807
911
833
795
849
853
775
674
898
697
713
772
777
771
846
867
803
756
839
669
915
862
823
787
715
716
700
866
929
895
858
777
903
900
856
806
897
872
925
867
887
898
859
830
857
874
846
823
770
861
918
913
869
846
859
885
874
864
900
813
808
782
687
767
759
733
813
649
877
869
823
843
806
792
761
800
808
821
802
777
862
805
833
818
780
797
800
818
761
780
795
772
771
803
800
726
712
795
805
688
782
774
690
715
672
810
857
820
808
825
829
787
400
387
708
838
877
782
790
885
864
856
787
810
842
769
756
900
823
787
829
802
892
818
826
810
788
828
756
767
802
752
797
844
764
787
787
862
869
908
828
677
720
680
787
826
787
777
802
821
825
800
803
728
718
777
821
856
569
392
716
856
857
848
829
807
775
771
775
756
757
807
790
785
807
805
729
766
782
759
764
795
770
733
561
934
769
736
795
764
731
777
792
723
708
777
743
703
774
641
259
644
759
789
721
705
764
749
702
752
754
718
738
344
502
798
723
733
797
836
857
787
810
616
748
775
802
839
805
772
789
821
738
736
746
746
685
680
846
766
747
730
698
672
702
726
687
674
752
738
749
700
802
780
723
728
785
843
893
774
785
841
771
741
808
767
741
815
836
808
805
872
774
759
777
805
777
787
759
823
713
1808
561
685
774
803
795
797
841
800
810
847
856
815
836
780
823
836
864
800
802
834
856
833
811
874
826
