--Monica Kumari at Wed Feb 12 18:34:54 2025 205 points
651
652
684
626
669
718
608
659
700
669
695
731
761
767
805
841
841
772
820
823
721
674
631
782
849
869
841
790
808
710
831
853
870
902
846
767
739
1002
915
872
862
849
848
803
869
874
880
836
356
498
889
821
831
882
874
921
843
872
856
854
813
869
772
790
818
851
790
843
852
805
784
800
749
710
775
774
705
793
802
772
720
777
821
784
744
790
779
744
815
795
774
767
790
779
790
792
793
410
418
697
800
793
730
688
751
792
734
720
777
800
762
769
813
802
782
731
767
802
777
774
821
800
795
767
787
813
761
774
808
849
790
833
874
795
759
798
815
695
754
720
708
731
682
764
823
823
795
782
818
833
828
798
859
866
900
821
851
852
782
776
862
831
800
787
733
795
775
759
661
762
828
810
815
824
800
802
821
835
842
851
823
774
726
767
756
805
772
741
764
759
741
723
751
800
826
810
777
872
900
813
756
790
800
749
720
