--Banoth Tyler at Fri Feb 7 11:21:42 2025 270 points
644
653
685
713
664
679
780
805
795
733
657
623
643
713
728
662
633
651
706
782
736
697
728
739
720
651
590
610
611
605
625
583
605
597
574
572
590
572
705
628
739
653
611
607
644
633
618
659
554
598
664
671
644
687
603
674
808
831
805
684
626
628
680
625
652
676
611
641
702
680
631
705
710
700
718
723
618
600
605
608
643
726
733
670
697
749
769
708
615
638
657
695
697
669
641
618
677
672
662
664
631
633
633
741
800
744
684
675
633
621
679
646
631
636
59
590
636
674
705
644
618
718
656
636
651
649
710
695
690
633
721
710
692
677
613
687
667
689
729
712
649
675
787
874
831
697
685
702
757
751
695
700
744
679
669
664
706
571
1195
585
659
661
670
641
623
630
649
664
246
1090
682
695
690
664
672
697
667
638
693
777
792
887
513
649
618
664
620
585
625
582
588
641
636
618
643
580
592
585
605
597
603
579
628
659
598
774
641
651
667
615
588
612
608
623
652
628
618
628
638
711
797
764
710
682
724
725
718
651
652
702
690
685
641
712
718
706
684
695
749
805
777
631
669
748
759
708
628
682
680
695
659
631
725
708
705
749
697
682
672
651
664
690
759
728
728
680
713
713
700
1302
