--Banoth Tyler at Tue Feb 11 13:59:04 2025 474 points
651
613
656
682
703
638
606
656
631
625
649
577
597
611
618
630
580
584
652
636
628
618
561
616
679
636
626
595
587
638
682
641
595
600
639
707
749
698
638
610
649
644
651
561
585
651
654
659
623
587
580
618
605
585
589
564
626
690
684
690
626
595
625
672
615
583
610
592
639
615
623
631
672
661
603
595
561
603
595
564
582
523
579
580
638
662
607
588
643
275
392
608
638
574
595
1162
684
531
551
608
603
602
605
629
659
715
646
608
659
641
654
643
600
600
610
595
623
654
626
618
620
562
585
546
571
649
618
580
595
579
651
631
541
628
611
600
592
579
618
613
585
602
575
595
602
569
603
613
605
608
569
592
641
613
597
618
611
641
653
600
613
626
602
618
580
610
651
593
600
607
585
590
613
564
584
577
580
561
526
559
605
621
628
613
602
623
595
621
561
544
569
554
597
595
603
610
569
562
587
592
636
597
577
595
593
607
672
628
608
646
646
616
597
533
567
569
621
667
605
584
621
600
600
554
536
600
569
595
553
554
585
585
630
664
644
585
587
569
610
572
569
598
600
607
572
539
561
567
608
584
582
618
582
616
638
623
600
603
559
602
598
615
636
590
756
344
584
575
536
548
567
572
656
646
503
805
572
567
569
531
574
559
582
620
582
580
567
536
546
546
600
615
659
664
582
559
575
548
593
536
612
590
551
577
541
588
641
294
354
552
579
544
582
584
590
592
557
618
579
559
580
584
593
582
579
618
580
625
657
618
618
635
593
610
621
579
641
664
626
625
611
574
574
549
554
579
590
613
567
630
488
548
598
590
620
615
575
579
572
580
610
592
605
649
608
577
610
387
774
503
495
700
564
636
633
646
1308
633
634
697
654
592
580
543
577
580
625
654
644
633
654
608
587
600
546
559
523
541
574
429
766
611
600
600
543
577
536
746
341
587
605
575
572
589
570
579
546
559
582
554
585
569
597
611
566
564
562
544
592
579
600
618
600
605
129
518
584
644
592
574
595
554
567
549
553
580
554
605
572
589
595
580
1097
603
597
605
590
597
572
587
547
574
1126
615
605
598
618
571
585
608
571
580
574
577
