--Victor Chaudhary at Sun Feb 9 11:46:59 2025 288 points
846
854
823
825
875
861
828
795
803
813
736
810
828
818
756
826
803
774
785
856
874
782
800
798
825
813
770
830
872
839
800
784
703
707
770
787
800
802
734
666
675
602
649
728
669
659
659
672
644
643
606
597
595
561
631
610
726
772
813
836
820
828
798
725
667
705
741
813
826
823
889
906
825
831
690
659
589
611
561
626
659
826
892
895
895
915
887
900
872
867
830
785
805
739
771
770
730
698
656
669
718
795
749
700
695
651
657
738
764
785
833
823
810
806
820
808
802
813
851
847
879
872
813
697
654
710
659
633
713
798
848
852
774
764
816
874
861
808
841
798
784
785
833
849
820
849
846
834
843
793
743
731
823
818
810
844
818
797
867
836
836
797
787
823
816
810
767
810
813
820
800
782
805
834
874
795
733
749
797
790
744
687
654
674
723
769
736
729
823
851
877
861
790
787
852
815
810
767
823
869
854
790
818
833
841
731
769
813
787
762
789
800
800
808
805
775
805
730
739
731
702
687
608
736
785
792
790
795
812
788
800
843
764
798
823
836
787
800
843
844
787
813
803
753
749
749
410
405
711
735
813
767
774
821
843
790
739
659
597
618
574
598
674
708
751
733
723
777
718
772
731
754
674
621
643
690
718
772
795
784
757
684
662
656
698
689
672
685
