--Victor Chaudhary at Sun Feb 9 11:37:36 2025 283 points
785
810
746
703
625
639
644
741
794
831
875
802
828
729
674
656
593
620
590
579
577
587
595
608
641
697
683
728
728
754
769
764
762
723
710
700
744
715
685
628
587
595
754
874
859
838
700
718
816
838
854
746
669
629
620
593
615
651
692
706
689
616
592
628
613
615
708
772
756
777
752
720
644
646
641
664
636
597
641
631
672
769
767
715
739
736
712
605
644
718
756
808
792
759
744
728
703
664
643
582
557
602
654
787
816
838
880
790
792
854
818
751
728
675
635
616
584
616
725
857
849
797
800
864
895
874
816
736
633
638
716
869
890
877
848
888
800
797
777
797
744
692
667
731
777
705
700
690
666
608
618
695
879
875
841
779
703
764
741
720
672
672
651
690
726
776
772
800
805
808
769
754
733
706
653
606
597
615
562
685
789
862
854
823
843
813
777
751
780
725
685
649
646
615
611
643
703
774
800
782
831
754
695
610
641
685
792
815
762
790
794
793
754
671
631
613
605
764
777
792
785
738
752
718
697
667
684
688
725
713
749
707
726
746
716
659
695
769
772
751
654
674
723
746
693
702
751
772
731
677
677
725
680
674
644
620
611
620
613
810
872
746
672
608
610
690
715
723
700
718
682
698
712
713
667
656
700
764
772
823
834
833
856
