--Alex Chavan at Thu Feb 6 15:43:50 2025 167 points
695
695
707
718
713
731
726
677
697
703
620
721
612
654
675
635
672
716
810
795
743
708
680
692
646
654
695
682
692
667
718
702
731
736
723
713
715
757
764
800
848
877
800
775
710
754
746
710
675
738
723
718
682
718
687
716
671
729
723
746
720
729
769
736
736
756
764
775
738
772
759
774
785
782
833
844
877
841
828
808
789
775
789
839
833
846
836
844
761
757
736
736
738
741
746
734
710
749
748
780
774
764
818
859
854
841
833
846
798
772
797
782
759
764
798
830
872
811
825
808
782
756
767
795
754
746
777
818
872
861
877
856
821
787
762
764
777
707
726
751
769
772
767
787
808
797
775
805
759
736
720
751
772
677
821
571
736
705
680
718
767
643
692
680
708
715
710
