--Alex Chavan at Wed Feb 5 19:05:47 2025 203 points
566
593
633
659
713
700
705
623
585
607
534
553
539
510
567
590
446
548
572
521
520
552
538
620
652
656
641
575
559
587
572
566
577
546
582
539
559
559
605
715
693
669
620
652
630
623
639
595
618
689
677
688
694
682
670
654
674
605
595
620
613
634
620
654
661
667
623
628
639
610
618
626
625
626
667
677
679
682
651
654
657
641
607
639
625
662
697
734
705
682
672
674
618
631
669
664
675
666
636
651
670
687
643
621
654
628
610
654
649
636
661
613
615
667
621
635
652
605
623
638
608
610
629
620
636
677
638
618
646
588
587
590
561
580
579
605
634
589
587
595
582
590
592
577
616
587
595
620
595
626
672
628
620
644
613
633
664
621
600
613
592
600
623
574
613
590
613
648
623
616
643
631
598
615
582
590
625
598
600
615
582
621
615
618
667
682
697
672
692
659
623
621
556
567
605
590
610
593
600
635
611
615
610
