--Chris Dhakal at Tue Jan 28 16:13:54 2025 282 points
725
726
641
728
731
749
700
823
792
772
756
834
792
772
830
811
754
805
787
782
759
797
813
723
677
741
721
736
748
698
738
795
733
690
764
803
741
725
803
792
570
979
751
782
752
795
815
815
775
812
824
771
782
813
813
746
795
841
810
798
838
831
803
774
792
800
767
756
788
774
751
777
798
725
728
767
754
751
754
787
757
723
800
782
720
728
765
766
726
777
795
751
797
793
730
726
767
802
723
754
818
780
759
782
787
741
720
757
720
675
689
744
715
675
702
749
685
654
687
725
675
646
695
718
682
656
708
695
666
654
700
672
677
682
731
684
693
697
739
710
677
725
741
731
710
711
766
711
666
713
736
682
680
720
751
659
685
718
723
690
692
741
738
690
716
738
733
672
687
716
687
641
662
717
688
669
692
728
695
675
715
726
725
703
728
733
706
674
708
720
692
670
715
728
728
716
749
766
713
664
690
736
697
687
726
718
695
654
697
710
713
687
700
677
734
671
703
700
728
705
680
738
703
708
702
715
729
718
692
708
725
705
716
710
746
690
695
682
728
726
730
695
723
731
736
677
708
718
715
672
669
708
756
708
708
738
785
733
695
710
744
728
720
677
721
720
793
641
710
718
677
666
654
682
698
664
649
692
661
690
626
659
