--Ethan  Chopra at Wed Jan 29 16:28:43 2025 273 points
769
756
754
749
759
803
815
790
825
872
795
797
813
790
779
721
767
812
836
800
854
841
813
769
798
800
766
705
706
718
743
669
703
667
674
633
623
644
600
608
615
618
654
731
733
761
754
695
734
715
692
672
685
628
741
641
677
695
728
743
734
736
715
718
664
644
661
618
636
1167
579
744
495
661
636
662
651
646
646
682
677
759
823
936
936
862
833
851
854
862
823
869
862
846
818
846
869
844
864
864
825
865
846
756
749
779
793
810
843
859
811
820
826
759
761
757
1143
285
738
1300
590
649
608
584
605
1218
664
670
641
638
603
628
600
623
667
728
779
811
774
738
749
715
706
679
698
697
715
713
690
731
764
718
713
720
741
698
700
689
680
661
654
690
743
747
766
790
777
728
744
792
764
736
741
772
795
723
731
748
770
738
728
731
713
702
670
694
729
774
728
728
726
723
705
739
756
728
749
777
774
731
751
795
767
720
749
780
789
716
718
764
779
754
708
720
729
802
818
787
731
718
762
766
764
713
692
721
720
759
790
744
743
721
743
775
756
721
754
774
769
734
669
672
705
802
859
775
766
808
831
789
757
692
708
723
767
746
725
762
777
754
687
651
669
647
646
661
687
670
718
800
833
836
833
