--Alex Chavan at Tue Feb 4 14:54:15 2025 220 points
674
700
744
790
720
718
736
746
734
669
656
708
664
623
646
639
669
705
790
766
698
736
677
736
653
662
703
684
680
710
754
751
731
720
764
121
667
720
692
744
695
656
626
638
652
579
641
777
1436
674
641
621
664
610
603
636
648
647
633
649
648
647
671
693
707
708
728
723
716
697
710
695
716
736
746
710
790
777
792
826
712
354
369
621
741
613
600
636
589
654
687
693
659
659
707
693
687
723
744
774
802
795
757
802
770
769
707
721
774
739
731
733
805
846
777
774
795
808
785
769
715
713
736
721
766
767
792
787
790
787
800
757
720
754
721
746
656
680
720
749
715
734
784
721
733
728
751
721
772
725
729
751
782
838
793
759
436
374
623
703
636
676
724
730
672
692
664
624
628
666
713
744
715
708
669
659
623
667
592
610
695
744
723
762
802
808
738
377
405
718
746
747
720
739
761
721
715
756
770
761
764
718
710
690
664
675
705
751
739
679
674
716
731
684
649
661
731
682
651
665
