--Carter Thakur at Sun Feb 9 12:13:30 2025 188 points
702
659
626
1587
1018
639
1010
823
751
710
667
718
872
864
813
843
864
785
828
852
861
882
785
787
785
823
725
923
900
916
931
758
729
915
787
734
782
789
857
874
800
754
718
792
759
834
735
695
772
705
703
854
848
793
807
852
864
859
877
841
838
816
789
795
869
895
872
777
800
715
980
810
857
864
877
766
726
761
803
792
772
828
887
829
846
859
813
871
841
808
833
839
813
851
826
841
771
790
785
828
767
815
792
741
757
792
790
767
753
754
739
730
754
752
753
682
695
770
823
769
818
795
820
803
741
766
788
782
777
818
800
748
811
833
818
810
841
862
815
780
779
826
825
800
831
239
602
826
825
844
836
854
818
861
875
800
789
854
854
823
828
867
874
754
805
831
803
774
862
897
864
856
883
815
820
900
831
826
849
871
716
713
776
700
790
754
682
728
