--Chris Dhakal at Thu Feb 13 14:07:42 2025 224 points
634
666
670
687
695
702
705
705
682
662
685
671
682
652
682
710
644
677
679
695
631
615
651
664
652
682
695
687
677
723
705
679
677
695
667
656
708
674
672
680
715
705
667
697
734
707
695
692
739
715
700
726
777
726
689
718
767
728
710
723
744
715
695
726
710
690
674
698
684
646
647
664
682
638
649
720
667
662
669
674
652
625
631
618
618
600
587
605
587
603
643
595
598
638
654
631
649
633
631
641
618
643
682
636
623
613
595
582
610
580
577
643
659
675
666
680
679
690
626
615
595
572
602
598
587
633
690
677
682
731
766
744
695
713
730
713
680
656
708
702
672
669
752
720
716
720
780
728
682
728
728
693
684
710
718
657
690
707
731
669
685
713
684
654
700
685
697
654
682
703
659
666
690
718
667
702
741
744
684
713
711
705
700
679
672
649
638
664
682
646
711
689
649
616
638
615
618
618
593
618
610
587
567
689
613
626
684
659
641
693
720
695
687
716
695
684
680
710
682
687
654
669
687
716
