--Chris Dhakal at Tue Feb 4 15:13:58 2025 199 points
644
610
626
649
679
667
664
697
677
675
689
667
641
680
710
656
646
667
659
662
664
659
664
700
697
680
661
669
721
674
654
685
684
664
667
669
664
659
693
602
639
664
684
621
618
672
661
905
326
680
656
692
652
610
649
656
633
669
608
636
654
651
631
638
716
679
690
667
672
700
612
754
636
615
662
667
674
649
682
605
674
687
652
618
643
644
623
656
623
639
664
656
685
664
705
675
643
690
672
661
667
633
670
648
710
634
654
684
654
641
654
654
628
656
616
308
987
648
662
636
695
643
667
608
648
649
628
608
613
646
651
567
633
646
634
684
588
671
629
646
661
611
638
677
590
525
603
549
574
615
670
633
613
664
666
667
680
651
651
654
680
633
618
661
672
677
687
664
670
684
685
641
625
677
664
662
664
641
662
661
680
643
652
689
618
623
677
664
603
1246
1344
638
641
667
692
1316
664
638
449
