--Chris Dhakal at Thu Feb 6 14:25:24 2025 185 points
784
785
813
812
754
782
713
757
774
751
736
810
846
813
805
808
800
746
728
795
739
754
787
818
782
790
769
792
767
733
757
759
730
739
913
674
774
767
836
808
769
795
66
731
723
728
716
754
715
723
739
776
811
769
772
802
790
772
777
779
754
713
728
774
752
728
754
784
777
718
757
805
736
759
777
761
731
718
790
753
726
746
811
792
733
726
766
747
741
705
748
731
728
688
746
792
762
774
810
752
712
739
774
759
721
728
769
762
741
754
782
756
741
767
741
756
700
787
798
738
721
751
813
743
731
754
774
785
746
777
785
728
733
772
797
747
725
805
767
756
759
780
767
751
700
754
754
728
718
766
811
779
798
812
790
744
730
777
808
726
389
1034
756
726
718
751
744
715
687
754
762
730
721
779
754
639
748
649
664
682
595
667
500
859
659
