--Ethan  Chopra at Wed Jan 29 16:21:40 2025 184 points
766
741
739
746
769
716
692
746
695
713
679
762
777
802
759
767
785
728
684
685
749
748
744
690
684
744
762
743
675
679
597
613
616
607
649
697
721
777
782
820
849
803
772
766
736
774
808
805
839
828
841
869
818
831
833
767
795
784
800
813
790
797
785
772
831
866
823
854
869
808
823
816
771
785
800
810
787
831
898
895
789
772
803
792
661
654
672
657
707
690
741
779
808
775
774
800
833
764
775
764
766
800
772
805
839
823
836
861
818
831
836
831
810
841
872
838
813
856
865
797
792
836
846
836
857
841
825
752
761
795
795
779
821
808
792
782
805
792
793
828
782
803
823
748
739
733
723
744
790
810
805
826
800
818
830
798
810
838
788
789
811
792
782
779
724
694
695
736
657
666
682
744
741
777
833
859
803
851
813
790
720
718
738
711
