--Ethan  Chopra at Wed Feb 5 15:40:04 2025 288 points
630
593
605
628
577
600
638
621
623
641
631
641
682
672
674
680
623
618
641
600
589
621
636
761
787
795
818
829
756
751
754
759
677
661
688
702
636
610
647
612
631
659
677
692
698
669
679
677
690
654
669
687
641
644
674
706
661
667
692
672
672
684
716
694
680
713
692
677
651
677
646
670
705
664
700
710
718
700
713
708
723
707
713
708
708
687
707
718
741
726
718
692
708
690
682
674
700
685
689
718
695
695
677
690
674
659
664
646
675
725
736
713
723
708
702
672
690
703
725
705
726
692
698
656
657
674
628
687
787
785
754
779
770
723
743
705
713
667
692
690
692
682
672
710
713
700
667
697
688
700
661
692
718
729
702
705
713
674
667
697
739
705
698
710
741
669
659
664
687
687
688
753
754
729
720
715
731
675
694
724
756
702
713
711
718
669
669
708
689
693
687
713
684
672
685
715
703
682
710
690
687
679
708
698
725
690
728
726
713
692
738
723
706
669
695
692
713
677
720
698
715
715
724
653
682
718
700
726
721
743
777
744
764
772
769
761
726
723
723
715
690
718
726
728
713
759
759
715
736
705
687
698
684
685
672
695
692
715
711
733
728
716
697
718
690
695
679
708
700
715
703
725
713
736
697
711
697
710
708
736
733
713
690
736
710
700
687
721
