--Ethan  Chopra at Tue Feb 11 14:58:42 2025 242 points
739
748
742
658
849
698
659
705
707
698
726
751
725
747
753
770
782
777
766
795
785
805
728
749
759
764
785
756
744
741
769
756
754
790
802
805
718
770
738
728
721
769
782
787
744
785
787
779
721
715
751
772
741
764
764
767
754
720
734
759
728
744
733
708
743
739
738
715
731
718
692
706
743
746
772
741
777
728
764
741
739
705
756
726
703
718
738
728
741
728
754
721
774
762
748
708
741
792
770
723
731
728
1046
1705
585
600
674
608
661
723
775
725
690
700
749
720
675
674
697
672
700
728
762
787
790
772
746
784
749
744
710
744
759
746
751
731
766
767
728
726
738
731
698
702
721
761
695
744
689
962
1164
641
808
718
725
793
789
770
741
730
744
736
756
764
777
741
729
753
731
708
741
805
772
723
738
936
544
674
680
707
718
682
729
695
776
685
746
544
856
628
693
666
644
649
682
659
631
728
692
682
669
664
711
687
679
685
697
711
748
757
664
733
710
708
664
731
556
680
656
680
772
889
788
756
790
741
715
674
703
731
397
244
708
679
487
249
590
497
1554
1564
1772
297
