--Guguloth Harry at Thu Jan 30 16:19:39 2025 348 points
541
542
582
566
605
580
582
620
598
618
636
618
612
629
607
629
566
575
600
564
561
567
572
587
574
608
649
651
654
661
595
585
631
548
582
600
585
587
564
593
625
598
620
626
607
590
564
541
559
546
580
533
544
543
506
548
470
538
505
551
557
572
594
598
631
648
611
602
608
602
611
566
572
593
556
597
585
587
618
628
623
649
644
646
669
644
620
634
605
595
607
582
575
597
595
605
682
674
657
682
659
646
656
631
634
643
605
605
626
590
597
618
567
561
544
572
590
553
590
582
559
603
566
580
613
595
602
608
600
623
610
613
618
597
616
636
600
610
626
589
585
615
567
590
582
589
600
598
610
616
602
621
605
623
623
590
610
620
580
554
587
582
582
546
562
605
577
631
659
643
657
692
633
618
631
590
584
572
549
584
570
574
608
587
638
611
597
620
600
603
618
587
595
610
564
588
530
552
553
529
530
526
564
541
564
613
616
635
654
644
638
680
623
610
631
600
582
592
575
602
598
597
649
656
641
646
629
646
656
626
618
610
582
595
613
572
594
626
592
608
649
636
646
669
615
608
636
621
592
595
595
607
567
579
618
598
618
656
600
600
603
582
592
539
541
546
554
587
548
575
554
559
582
559
592
600
574
600
600
577
603
582
610
567
577
613
579
577
595
592
603
574
587
611
571
605
641
598
600
600
579
595
564
588
615
574
603
608
571
595
590
592
613
600
608
602
577
595
577
1146
585
600
559
569
605
592
590
626
602
613
616
610
641
585
569
584
572
549
569
557
587
571
567
590
579
588
559
582
