--Monica Kumari at Wed Feb 12 18:19:23 2025 202 points
835
826
739
712
670
789
839
854
820
767
664
759
815
846
824
794
834
800
800
810
844
851
782
836
833
775
828
815
767
741
761
800
793
515
1000
764
698
794
634
774
628
646
295
375
630
659
659
736
690
723
741
775
661
749
756
744
659
705
743
736
685
782
762
723
751
759
790
733
803
438
418
738
780
797
762
738
764
785
749
787
797
765
825
680
753
683
748
782
759
762
779
770
728
810
815
706
835
682
721
674
641
772
849
843
772
816
792
741
803
843
836
780
846
828
795
843
834
787
902
862
828
282
421
977
815
813
846
846
782
846
834
820
834
833
720
898
831
743
798
823
784
805
877
895
834
864
256
641
782
800
831
787
759
787
826
782
800
764
790
751
728
811
771
762
774
813
754
767
774
797
857
700
1310
792
1300
911
815
792
752
387
1097
736
780
753
698
713
689
690
818
836
838
770
879
890
828
823
844
864
790
800
825
831
