--Banoth Tyler at Tue Feb 11 13:53:47 2025 230 points
559
623
616
548
582
524
528
572
618
623
579
564
605
600
590
595
600
659
654
620
608
626
633
644
605
597
626
656
695
631
610
577
638
606
556
600
546
559
546
513
577
538
590
554
521
582
541
651
628
631
587
559
592
626
546
600
554
520
562
533
577
552
535
565
551
610
592
572
590
577
592
590
569
577
572
610
641
600
582
613
641
633
611
571
588
559
589
634
620
621
605
564
577
543
575
602
618
644
672
664
656
675
615
579
603
579
613
649
600
569
587
426
672
543
649
675
610
607
621
579
613
621
602
618
572
541
580
551
551
541
536
559
539
612
590
562
582
566
598
582
590
612
585
574
575
536
577
600
666
713
682
610
606
456
718
602
585
554
574
567
610
582
577
623
600
610
606
551
582
574
587
608
582
616
574
556
598
584
606
1082
1166
536
544
566
593
595
571
603
564
600
539
556
595
525
624
533
531
564
525
567
554
587
626
589
606
546
556
608
577
590
569
551
564
582
608
595
577
618
618
607
634
592
597
611
574
605
603
589
644
595
