--Banoth Tyler at Fri Jan 31 08:30:19 2025 205 points
639
697
639
618
579
603
646
705
754
708
718
692
682
679
664
606
587
574
554
564
569
626
587
585
618
579
564
611
684
677
672
620
593
582
566
600
572
598
566
575
587
561
631
541
636
631
628
592
621
618
623
631
595
633
574
549
587
554
608
571
567
580
551
569
580
561
585
607
649
610
588
600
587
595
610
554
600
582
592
639
635
654
682
647
605
602
562
595
569
595
666
644
669
690
613
584
600
572
610
662
700
667
654
666
672
677
631
741
559
630
613
659
641
667
656
326
328
636
698
656
644
620
585
1036
692
664
631
628
651
641
1139
682
589
611
582
592
574
595
649
631
600
605
600
585
594
608
600
564
554
590
525
544
523
577
608
579
587
608
587
623
600
588
635
695
598
620
611
612
608
592
611
651
664
692
700
693
700
659
671
613
598
628
638
654
700
646
652
656
641
618
631
661
713
728
741
711
653
582
577
600
649
733
724
651
638
