--Banoth Tyler at Tue Jan 28 15:03:43 2025 336 points
674
633
657
551
564
585
602
570
538
549
574
608
674
664
629
600
553
572
590
585
605
589
577
603
579
595
621
577
628
600
631
643
585
579
631
618
618
618
585
620
600
613
610
569
831
380
659
613
638
618
659
672
595
592
541
538
605
606
620
690
359
354
623
610
554
582
561
611
656
223
998
607
600
670
684
659
659
621
574
577
633
616
625
593
615
677
592
631
631
625
611
638
577
697
593
648
642
669
623
695
571
685
687
662
659
592
608
605
677
731
684
610
611
679
669
639
615
567
574
636
634
628
638
352
297
582
677
638
598
605
597
636
636
659
613
567
1230
626
567
579
331
815
526
536
572
556
580
530
562
559
584
593
554
528
1077
541
502
552
528
549
528
551
613
587
605
541
559
610
603
585
582
543
590
577
597
616
551
585
569
572
592
549
566
577
598
648
613
572
597
588
607
623
565
571
549
551
539
523
549
551
605
577
610
680
636
574
582
546
572
559
538
570
546
602
577
564
585
556
608
608
579
587
547
564
577
597
508
618
610
672
641
582
610
344
825
562
574
600
592
631
716
648
639
538
611
600
648
605
595
585
638
723
739
641
590
633
638
659
654
590
603
656
651
636
613
595
602
659
623
613
598
592
621
530
559
572
546
585
551
531
574
531
549
538
598
597
567
574
580
618
633
567
569
510
654
664
618
582
613
659
615
741
518
580
628
628
615
590
559
616
638
608
607
577
603
659
584
631
546
652
666
636
598
618
620
580
587
561
616
679
641
585
602
588
615
579
