--Banoth Tyler at Wed Feb 5 14:41:36 2025 323 points
551
531
533
500
590
1164
577
554
559
564
1095
551
523
493
610
541
536
559
1095
553
564
554
570
559
497
595
531
561
539
1084
575
620
562
569
546
559
597
559
1116
533
567
579
2003
641
1010
523
487
554
546
1034
497
482
580
533
459
546
436
541
490
559
79
957
538
531
615
600
534
569
597
559
562
551
544
569
544
500
1605
577
507
611
1120
595
600
610
569
626
538
2147
595
602
572
579
559
582
595
534
551
554
600
566
600
557
541
574
536
585
500
828
220
1072
480
574
585
623
546
518
564
515
582
536
580
466
493
528
415
1216
541
502
564
590
580
569
536
556
567
559
590
546
541
533
541
600
564
1172
554
605
556
588
546
528
574
562
595
1013
566
1541
557
518
576
559
585
541
528
1057
820
205
598
569
526
587
584
593
607
539
559
554
569
615
567
574
557
582
541
528
582
559
564
618
492
536
1072
572
572
623
543
572
582
575
592
528
541
513
526
556
564
585
492
541
521
548
598
592
1090
538
564
567
610
570
515
541
510
564
549
603
541
507
505
552
566
577
608
582
533
600
585
582
590
561
585
564
592
623
536
552
566
564
600
536
552
541
571
605
559
529
1051
564
680
1371
457
510
510
567
495
584
954
618
1110
524
538
546
508
569
572
549
171
913
582
608
623
546
1077
557
558
600
1067
508
574
577
600
569
567
549
515
580
553
552
615
503
559
530
588
584
600
613
508
572
574
574
608
503
1071
570
628
525
639
546
562
610
1087
515
564
649
198
