--Banoth Tyler at Mon Feb 10 16:29:45 2025 271 points
834
807
721
731
756
782
736
731
841
864
795
761
834
817
736
675
705
792
862
789
759
762
795
728
723
803
836
782
692
713
854
848
726
626
623
566
662
761
808
813
818
738
657
659
628
674
726
715
726
746
728
703
710
731
767
769
733
757
774
802
811
695
656
654
713
789
890
757
682
677
687
741
761
752
738
746
728
739
697
652
641
710
756
762
715
780
784
731
726
769
833
772
795
900
918
800
736
769
744
679
659
708
777
856
867
800
759
795
774
674
677
713
772
782
733
636
764
690
718
736
756
700
695
713
738
718
723
693
679
618
636
728
836
813
741
674
708
718
746
728
708
708
677
641
630
624
679
759
767
771
744
713
679
631
646
728
713
757
743
731
692
654
682
754
767
746
713
682
669
636
700
815
895
864
846
806
723
751
590
666
705
780
844
843
872
854
836
797
785
800
807
777
767
774
757
707
631
677
687
631
764
780
715
662
700
730
782
708
654
644
682
651
692
685
636
659
695
743
675
630
652
677
743
705
708
708
743
805
762
736
754
779
744
741
772
823
841
859
784
775
859
874
867
789
780
833
857
771
713
685
692
749
918
941
841
741
702
690
716
733
795
784
770
720
654
644
712
836
826
795
725
