--Victor Chaudhary at Sun Feb 9 11:33:00 2025 211 points
829
876
834
841
807
700
716
697
723
816
787
741
672
756
808
761
782
803
805
759
692
662
710
795
836
864
836
767
746
764
767
769
736
723
838
869
880
815
782
788
792
785
758
783
792
728
672
702
754
721
638
636
746
759
705
729
777
815
726
671
657
669
667
674
679
631
685
695
733
703
707
734
825
803
751
759
780
777
792
720
708
769
752
769
759
731
771
805
816
772
741
738
792
798
772
651
720
741
795
762
695
682
725
757
749
725
657
684
600
587
598
656
675
671
649
687
741
736
695
639
707
721
779
736
713
764
782
777
762
720
790
836
836
810
733
785
713
751
715
639
700
710
756
670
625
580
564
564
623
698
746
718
700
625
587
595
654
664
680
672
710
672
682
720
698
712
693
695
725
790
749
738
657
738
787
787
765
669
648
703
749
733
821
761
685
561
598
618
651
795
808
787
756
721
692
682
677
651
639
677
684
695
708
748
729
705
690
682
600
607
670
