--Alex Chavan at Wed Feb 5 19:09:29 2025 320 points
590
602
580
602
626
605
595
631
577
607
559
585
595
577
587
631
648
667
705
649
643
644
595
569
595
564
587
598
595
638
610
639
656
626
610
610
564
570
605
559
587
559
551
580
561
585
597
677
690
749
751
692
626
615
590
605
546
549
559
505
559
541
574
585
528
557
523
551
510
529
553
559
590
580
605
674
639
638
669
628
616
605
567
564
589
585
641
654
692
718
744
702
659
664
657
628
592
611
584
605
582
606
666
634
671
664
667
590
602
593
597
618
569
572
600
592
598
633
628
639
664
636
628
649
625
600
667
621
607
636
628
629
646
636
638
664
613
610
644
615
621
646
623
618
633
621
628
654
623
590
612
606
594
618
600
631
646
639
636
664
631
653
657
633
613
618
590
589
644
626
646
677
651
662
666
616
625
631
597
585
608
582
584
621
597
613
585
587
615
570
561
598
597
615
593
587
605
582
587
598
582
607
593
595
620
603
620
690
646
669
657
674
618
615
639
608
612
588
600
646
636
638
651
695
698
659
664
607
588
615
603
628
641
613
633
662
633
605
613
592
587
628
652
690
715
702
703
667
669
659
646
677
626
618
623
641
582
613
559
579
626
607
623
618
611
630
593
615
636
615
647
679
662
669
659
664
636
620
646
626
628
646
641
665
664
641
643
652
635
629
633
659
641
603
620
615
621
656
623
636
685
677
690
705
692
680
646
666
623
621
667
641
656
682
621
584
634
635
659
670
