--Alex Chavan at Tue Feb 11 17:37:18 2025 315 points
626
628
641
600
618
585
584
631
626
641
687
654
607
585
551
523
564
539
538
590
572
585
553
590
539
543
562
548
559
559
572
582
575
615
569
559
618
557
620
574
606
600
556
574
608
623
600
631
684
626
680
633
626
666
623
629
658
667
641
703
674
667
679
698
625
636
631
600
603
594
629
628
651
657
625
639
605
605
602
544
633
606
607
644
628
585
602
580
610
620
582
590
636
590
602
641
641
665
702
675
702
687
718
664
664
662
613
615
644
597
626
679
721
741
718
725
700
654
626
636
602
613
667
679
634
684
670
666
690
697
667
672
682
654
643
631
585
628
610
646
695
705
798
764
733
700
721
648
667
662
687
684
672
708
682
651
680
661
600
1259
672
672
687
672
692
692
672
644
636
666
644
644
676
662
664
628
685
613
620
695
585
625
634
643
588
617
598
610
616
625
664
708
738
772
721
707
657
672
671
665
653
631
680
648
649
682
680
697
703
751
713
700
664
687
674
659
670
648
659
677
667
667
692
710
690
656
659
664
639
628
649
654
630
675
666
670
694
675
661
664
670
628
631
653
629
638
654
633
636
680
654
635
665
653
680
672
677
669
674
685
646
646
649
679
618
616
638
626
613
512
688
564
577
548
575
546
577
556
557
582
571
593
572
574
597
552
597
559
574
611
605
661
700
634
620
616
587
620
600
590
574
603
587
618
590
610
641
618
628
657
628
638
662
623
626
