--Alex Chavan at Thu Feb 6 15:53:37 2025 182 points
677
689
700
1318
670
684
600
600
662
605
620
654
600
634
623
635
606
602
564
611
656
685
689
662
623
615
659
685
656
644
702
667
654
685
630
662
674
680
656
644
672
620
651
716
707
736
762
790
797
764
782
816
800
774
805
777
751
757
782
805
810
782
816
856
867
841
848
834
833
756
731
741
736
769
764
826
869
836
828
831
826
831
761
782
767
767
774
808
815
792
803
813
774
780
761
772
767
776
808
821
782
789
800
775
743
772
754
746
744
766
821
790
782
797
792
772
795
777
772
777
777
797
823
762
766
777
785
754
787
782
792
782
772
785
795
779
759
782
769
780
733
762
769
792
793
810
800
785
753
754
805
759
749
769
759
775
779
772
769
744
741
769
738
741
724
748
746
749
749
772
802
726
746
674
703
664
741
805
775
802
764
751
