--Alex Chavan at Wed Feb 5 19:17:25 2025 220 points
579
577
656
698
831
797
759
754
715
652
628
628
626
633
615
611
618
594
595
626
592
600
644
651
657
679
651
675
666
690
649
641
677
633
633
659
636
667
654
638
587
600
559
554
575
530
547
533
523
526
520
531
531
551
533
539
500
502
526
510
554
556
603
744
807
713
674
688
654
666
682
659
664
687
693
646
631
615
585
618
669
654
618
630
621
603
617
595
621
633
628
644
715
723
706
728
815
757
700
677
671
654
636
649
625
677
695
713
695
710
692
670
620
618
605
585
585
566
595
646
639
630
654
631
649
656
659
639
636
635
631
623
646
621
628
700
723
767
749
759
723
666
644
649
625
618
644
646
685
753
818
764
770
756
700
682
641
639
659
638
631
649
641
661
685
661
682
698
731
664
664
648
657
613
636
679
662
630
639
610
618
674
654
664
718
752
761
721
710
713
656
639
664
646
638
659
662
654
641
641
628
646
698
661
685
702
721
682
649
682
615
582
628
598
641
687
643
626
649
631
