--Alex Chavan at Thu Feb 6 15:49:17 2025 278 points
741
749
731
715
690
705
661
629
653
616
669
669
685
623
662
676
631
641
700
652
676
685
641
621
669
661
647
617
652
597
431
805
574
616
595
592
621
630
675
718
687
707
652
687
644
661
674
639
743
562
649
656
608
733
698
648
667
700
718
710
721
671
654
649
705
680
695
712
723
695
705
713
744
708
707
705
729
674
687
700
723
708
692
705
723
672
690
715
721
682
708
738
741
692
695
708
718
687
690
725
695
685
692
734
694
695
695
723
708
713
710
718
718
720
721
720
716
728
731
720
726
720
721
723
736
690
702
718
749
705
708
723
733
703
674
685
728
687
692
716
759
736
718
715
723
751
716
669
679
688
636
612
629
633
623
638
613
644
692
659
667
702
695
718
716
725
728
711
723
692
723
692
690
723
754
774
777
790
769
793
759
733
736
738
757
705
726
751
774
772
746
749
759
756
767
743
711
689
724
725
703
733
739
702
677
636
649
618
610
695
666
677
700
682
688
692
702
647
630
664
670
741
746
736
759
728
720
708
733
706
700
659
676
629
643
693
687
682
687
721
700
697
692
708
679
685
705
672
677
692
713
669
669
698
731
700
705
695
707
716
677
682
713
692
697
695
690
692
718
736
718
695
713
715
733
693
689
708
