--Alex Chavan at Tue Feb 11 17:10:25 2025 216 points
687
685
674
698
666
631
641
603
630
647
612
649
695
587
608
572
602
603
682
667
592
608
600
574
597
567
590
538
567
567
551
605
244
812
690
772
300
667
561
1123
677
633
603
633
629
648
641
641
613
605
628
606
620
590
608
664
659
656
651
693
661
659
672
631
620
641
610
621
656
631
623
646
629
643
680
633
641
646
657
618
625
649
656
646
642
643
654
695
661
652
684
657
651
646
682
631
633
649
620
631
646
611
623
654
620
618
636
613
628
667
625
657
692
641
651
652
666
646
631
644
618
654
666
631
649
669
654
618
656
646
659
705
652
671
665
674
654
623
633
628
639
643
639
682
695
664
644
617
631
618
608
582
600
638
618
631
669
634
656
633
639
602
626
623
621
620
613
597
662
638
639
661
649
654
621
641
633
605
626
628
636
651
646
646
672
667
651
646
605
623
631
610
621
651
618
626
654
638
664
672
613
631
610
561
575
587
579
583
566
567
587
556
616
582
559
567
