--Chris Dhakal at Wed Jan 29 14:00:56 2025 276 points
657
682
697
757
789
790
797
765
710
692
726
702
703
726
712
657
656
675
676
677
664
693
705
713
710
690
707
721
726
689
705
724
702
685
682
723
697
677
713
715
688
646
702
716
751
718
738
741
752
702
723
711
682
707
688
669
700
695
694
675
692
728
695
700
746
777
729
402
339
628
756
600
705
708
692
685
669
603
684
641
672
631
636
710
721
723
736
728
718
743
721
754
723
692
692
649
664
628
616
620
687
713
705
780
790
771
711
736
723
715
705
672
682
687
672
726
707
711
694
703
710
705
677
721
725
713
672
662
689
716
638
659
705
675
638
644
689
636
603
644
671
657
659
648
718
682
670
669
695
677
623
646
708
656
626
651
728
685
648
713
713
715
667
698
687
659
636
664
672
669
690
669
702
675
677
684
705
672
621
638
664
621
607
682
665
651
633
672
674
659
654
659
695
677
631
633
672
682
641
631
666
654
618
639
615
659
659
618
669
698
720
664
708
710
726
674
682
739
671
652
646
700
656
628
665
679
644
677
674
715
698
692
695
718
705
679
675
667
674
682
661
706
751
708
664
700
718
736
682
692
726
728
669
690
710
720
680
659
700
687
659
659
718
736
692
680
728
726
720
674
708
682
692
672
711
707
