--Ethan  Chopra at Tue Jan 28 16:58:41 2025 266 points
805
818
774
747
779
736
726
694
698
702
713
734
810
882
826
779
795
823
815
757
772
774
790
805
741
777
787
777
741
843
900
852
810
849
879
872
803
861
851
752
818
838
815
759
788
874
900
838
800
808
816
810
769
851
885
872
859
895
900
828
823
856
849
800
854
910
854
823
877
890
810
869
910
903
815
836
839
802
782
821
815
810
903
923
823
862
825
759
777
834
889
831
862
923
910
815
829
805
743
770
879
974
957
977
959
877
861
867
879
844
867
946
884
870
912
934
861
882
900
836
826
813
771
675
690
705
697
731
900
1018
1036
989
952
887
797
695
705
675
641
715
587
675
656
667
679
685
664
669
698
720
710
708
718
736
695
695
687
728
739
720
692
734
743
864
929
930
926
854
741
749
728
759
797
798
743
710
785
815
788
779
869
875
810
762
800
802
764
839
879
859
810
831
846
787
754
836
854
815
824
900
897
856
877
916
846
864
908
846
810
828
798
746
766
877
923
849
859
903
836
841
869
831
792
862
858
783
838
895
838
870
866
813
810
864
903
833
867
928
887
829
859
833
774
803
815
834
735
777
762
797
813
741
749
854
856
831
785
820
836
774
808
877
936
869
856
936
