--Banoth Tyler at Wed Jan 29 15:01:53 2025 278 points
536
577
577
613
651
638
598
602
562
564
544
559
582
577
628
628
662
635
590
541
557
538
592
572
613
656
595
603
620
572
567
582
567
584
554
559
579
547
587
559
577
615
615
636
611
623
654
594
600
603
587
569
593
582
623
582
574
577
557
556
544
584
621
602
564
575
556
600
592
588
605
561
570
548
572
605
582
567
551
557
607
593
582
577
538
580
569
577
600
541
566
541
562
613
615
608
543
547
592
572
587
549
535
565
561
605
572
541
546
521
551
497
541
552
559
577
523
551
536
564
587
572
579
518
572
551
552
561
523
534
513
566
593
594
611
561
575
625
608
587
574
511
559
546
595
574
533
557
541
579
531
528
536
503
538
559
623
608
574
570
561
585
577
553
559
508
541
516
551
559
538
564
562
608
661
613
595
574
605
618
559
549
554
543
562
523
541
508
533
592
590
605
559
636
554
569
554
523
513
533
531
597
590
562
561
536
582
562
592
631
584
590
528
557
602
623
636
641
562
597
575
577
597
541
551
541
575
643
603
577
600
569
590
559
559
538
526
554
518
579
577
564
564
528
585
585
641
684
611
579
587
575
584
616
582
620
634
646
625
577
598
610
567
548
564
554
587
557
556
587
588
630
618
582
603
582
603
630
