--Andy Vyas at Mon Feb 10 15:52:31 2025 280 points
741
813
805
772
789
752
692
654
641
659
715
728
775
728
725
662
674
593
636
679
598
620
713
710
690
708
759
689
713
703
687
661
716
692
715
708
692
713
708
623
649
723
692
659
649
674
623
626
649
618
712
698
654
628
687
669
672
546
554
603
551
556
590
628
693
748
764
767
731
756
711
707
659
651
662
621
541
600
605
671
752
707
654
644
654
582
577
589
603
659
682
713
679
688
658
677
670
636
584
569
516
541
602
654
700
746
723
703
687
698
612
565
584
577
626
710
741
797
803
790
813
730
700
675
707
685
703
723
782
738
700
716
735
729
736
725
675
628
569
626
674
726
738
723
687
611
584
523
526
590
612
693
738
695
687
675
677
584
577
582
580
630
629
666
693
725
685
669
687
687
700
711
733
674
644
615
562
538
549
577
623
705
677
649
649
592
572
574
544
571
559
575
625
623
670
700
661
682
734
728
705
692
693
635
608
631
646
700
703
707
654
667
684
693
623
595
628
641
672
728
682
626
633
621
651
695
638
616
641
656
677
690
710
667
615
592
552
566
626
664
667
674
623
608
597
569
600
562
556
570
546
561
575
666
731
703
648
611
638
605
592
577
613
675
677
666
639
636
607
605
631
644
630
629
610
649
648
593
613
610
