--Chris Dhakal at Tue Feb 4 15:22:50 2025 209 points
574
1190
831
313
1148
585
620
618
621
682
587
554
1156
595
523
569
549
572
608
600
561
572
580
561
569
564
649
549
608
615
600
590
623
577
533
515
531
559
526
607
593
610
651
600
682
577
626
587
610
590
595
582
585
605
600
615
616
574
600
587
631
525
595
567
587
569
608
598
617
621
567
577
594
557
597
603
579
590
577
577
603
564
584
580
582
592
598
607
587
577
631
592
400
854
598
623
661
639
607
641
624
638
651
593
602
628
595
598
595
566
593
617
575
605
561
595
623
603
577
605
595
600
587
564
595
562
553
595
508
585
579
554
1162
620
590
651
597
575
574
613
567
595
569
566
608
559
595
544
582
589
577
570
566
593
600
571
575
618
602
605
608
590
641
600
602
634
618
625
641
595
600
626
618
615
618
608
602
636
575
600
628
610
626
587
600
623
610
572
603
607
611
630
585
605
672
533
577
603
564
620
254
367
564
620
582
588
600
579
605
