--Chris Dhakal at Wed Feb 5 15:13:51 2025 237 points
572
579
574
564
544
559
533
567
549
569
546
572
595
579
582
626
587
623
634
630
634
597
557
592
543
565
602
577
615
565
582
605
577
571
598
577
605
572
584
600
570
571
611
587
643
629
600
641
618
633
651
605
593
618
592
584
611
556
582
577
590
615
582
575
618
607
600
626
567
610
582
597
608
582
598
630
608
582
592
585
590
561
549
582
562
607
593
592
623
597
605
629
605
592
608
577
587
574
570
602
564
577
585
577
615
600
621
628
618
633
651
608
605
628
608
597
598
572
587
618
587
595
567
584
628
590
582
633
600
616
631
607
641
618
629
630
600
628
639
582
600
631
613
594
606
597
597
626
585
610
608
610
631
620
618
649
610
592
644
626
597
608
587
585
620
592
593
628
626
618
630
618
631
638
590
595
549
582
620
603
595
636
628
638
647
617
626
654
626
602
633
590
598
595
566
616
615
620
639
628
659
664
610
624
664
638
621
646
628
641
636
620
631
644
649
630
639
669
628
613
646
636
613
618
584
595
590
585
584
582
611
546
572
579
556
559
595
