--Chris Dhakal at Tue Feb 4 15:17:36 2025 266 points
646
651
659
672
613
644
584
652
669
623
613
664
659
605
631
630
654
2026
315
621
625
598
597
641
621
556
613
1313
761
770
3528
664
3392
508
562
523
682
723
825
713
669
624
633
595
641
772
771
793
807
800
780
805
656
426
910
636
598
623
595
589
570
512
523
480
1108
610
718
764
774
687
603
569
1134
618
641
689
670
633
608
559
325
1280
595
589
1193
571
1098
569
595
585
638
528
1157
833
1226
641
574
618
587
546
605
523
524
507
490
605
613
664
669
610
647
523
505
1087
585
623
648
698
592
567
1092
562
484
577
603
582
623
608
515
585
538
533
457
1177
661
682
713
654
669
569
554
593
538
490
523
482
626
607
628
685
618
613
623
587
551
549
457
1215
549
718
597
564
667
595
546
566
493
956
1293
687
648
1003
1318
646
582
1136
590
1064
254
1351
662
617
667
1810
636
72
387
1677
575
610
677
743
659
657
643
600
549
587
534
541
333
1305
592
639
710
605
1226
595
589
541
575
533
513
1105
1403
841
607
600
5490
1400
562
507
554
521
520
585
513
569
610
567
600
590
571
585
587
598
759
725
705
708
733
1126
1092
1036
503
472
494
485
490
543
544
623
615
621
669
600
613
610
564
585
533
605
521
497
598
549
