--Chris Dhakal at Thu Feb 13 14:13:26 2025 357 points
585
558
595
567
562
620
572
631
574
579
613
549
608
595
605
654
725
616
643
721
669
695
654
659
618
659
633
646
590
672
664
669
690
718
718
684
705
649
674
647
605
623
566
629
600
656
682
644
641
661
675
700
723
689
657
659
672
664
666
644
628
621
610
661
652
736
748
708
756
767
705
664
667
659
649
597
613
659
636
638
628
618
626
680
682
677
684
657
669
666
670
628
654
723
697
695
728
770
715
692
716
753
734
695
705
731
710
669
690
718
700
666
695
729
653
647
664
669
628
610
700
680
664
646
610
595
672
697
739
695
684
682
693
684
672
664
664
675
646
633
675
666
705
705
718
713
721
682
700
713
710
692
716
692
710
687
693
687
710
677
685
674
687
674
672
667
703
687
659
702
687
690
657
674
705
641
628
672
669
646
641
670
661
639
643
649
664
672
626
653
685
680
635
644
705
654
628
698
700
669
636
697
687
667
669
654
677
631
633
616
623
669
605
600
577
569
639
712
780
782
744
715
679
641
636
570
530
603
523
587
592
680
790
838
813
774
754
675
661
610
570
574
502
585
546
628
767
762
769
761
731
700
608
564
590
564
631
661
731
764
764
769
716
648
626
562
566
590
590
661
767
787
808
787
767
754
753
718
690
680
682
646
633
659
628
680
748
806
777
761
751
726
749
702
713
718
769
741
729
697
726
692
710
692
744
744
720
721
702
700
682
698
730
724
694
688
666
598
564
613
620
672
685
651
674
710
713
657
648
680
646
621
653
690
608
582
608
571
606
600
587
628
582
572
651
638
600
657
667
682
666
657
633
662
641
571
675
