--Chris Dhakal at Wed Feb 5 15:08:49 2025 329 points
605
618
590
1113
579
557
569
605
551
646
646
608
613
672
636
625
646
618
608
621
589
611
610
549
564
589
565
589
552
566
752
779
795
792
764
767
769
690
656
623
595
552
569
538
546
526
521
530
529
584
533
575
538
564
631
690
736
746
844
807
811
784
718
674
621
603
594
552
528
538
521
541
497
546
516
533
513
505
528
516
566
667
713
733
718
710
680
690
648
605
624
569
569
590
551
564
539
536
553
534
561
549
554
610
564
623
587
606
605
571
541
557
526
559
556
597
608
695
700
710
672
615
613
554
562
564
512
531
495
526
502
567
574
639
664
649
643
618
598
564
574
539
548
505
508
531
508
538
523
569
577
590
646
610
616
628
600
590
625
593
612
642
641
728
782
772
756
723
667
677
620
577
585
541
556
518
536
523
505
531
508
538
526
561
554
577
613
579
588
543
549
569
546
567
582
618
656
652
651
643
621
592
595
551
536
544
515
541
508
536
490
530
498
531
561
559
621
597
631
661
639
631
643
618
636
672
646
677
662
664
618
584
590
554
543
531
546
495
510
521
500
541
554
620
641
685
669
669
621
595
564
538
547
502
513
495
513
479
500
464
510
495
516
536
546
641
666
695
705
703
646
626
646
620
634
674
667
643
659
649
664
675
684
657
618
625
575
574
541
515
523
493
523
479
557
515
549
525
518
529
518
556
587
641
744
733
708
689
698
649
569
569
541
549
513
520
503
489
539
479
541
511
595
579
628
664
662
669
705
