--Chris Dhakal at Thu Jan 30 14:05:15 2025 329 points
677
703
648
675
597
726
674
692
680
674
693
600
584
641
628
670
687
628
677
695
710
654
636
684
634
649
633
659
667
679
718
620
634
674
651
667
746
634
684
677
713
436
900
649
646
628
674
687
654
395
318
626
710
677
649
687
643
665
653
652
654
653
682
631
1321
671
626
654
654
631
635
624
318
348
585
615
605
641
654
641
623
664
662
644
659
610
636
651
626
646
682
649
633
667
661
659
646
654
641
633
659
629
643
713
662
643
664
677
669
634
697
685
659
674
649
684
654
659
657
674
685
636
659
697
692
641
657
695
684
636
656
677
682
662
662
674
685
687
636
664
687
687
646
675
723
656
644
664
677
646
631
684
662
674
657
612
631
682
662
641
654
705
656
631
654
638
641
649
623
626
643
634
615
626
587
538
603
559
587
682
723
728
744
756
726
669
639
574
564
562
548
582
618
664
677
736
693
674
644
623
579
608
546
559
587
582
644
666
731
759
690
684
659
618
608
551
572
546
564
606
543
577
556
595
623
606
592
620
626
621
656
628
641
682
636
657
648
649
636
669
600
615
657
646
636
674
644
646
659
649
636
633
662
620
623
641
649
628
669
636
621
651
626
615
636
618
602
636
600
595
616
597
613
620
585
615
582
608
613
602
608
646
605
613
636
636
628
652
600
605
636
610
574
603
584
575
569
505
631
620
593
602
595
646
598
405
259
592
618
623
626
615
605
631
587
618
636
610
605
647
589
595
631
621
623
615
608
625
623
