--Chris Dhakal at Wed Feb 12 15:56:06 2025 215 points
777
746
733
721
800
656
710
672
685
692
682
793
564
792
695
813
753
757
743
647
1338
610
616
1205
687
708
695
723
702
644
690
779
749
728
767
774
713
679
713
723
734
728
661
662
674
646
603
651
675
820
736
685
748
785
774
695
759
762
777
707
690
762
759
723
712
698
697
731
726
692
715
790
833
824
743
800
744
707
711
718
756
733
700
747
825
780
723
733
751
752
687
718
772
743
708
720
739
731
718
771
785
761
718
793
766
718
690
736
769
690
723
872
708
802
782
792
785
574
913
777
775
746
715
749
743
734
771
726
846
772
741
767
751
739
702
744
756
713
779
777
762
710
733
808
751
688
723
782
815
713
687
641
633
675
749
820
805
690
667
641
641
679
790
867
812
736
667
626
648
618
700
767
846
826
766
654
659
657
669
549
174
731
741
705
1387
759
620
700
721
687
690
700
746
987
1077
754
662
705
754
705
718
738
728
736
508
743
695
1034
1548
577
654
777
664
757
782
