--Chris Dhakal at Wed Feb 12 15:51:02 2025 305 points
636
746
631
767
685
689
680
674
708
684
700
713
731
767
771
629
666
695
739
779
741
749
800
818
754
741
843
585
736
192
1154
626
700
618
623
620
954
662
959
661
492
798
564
685
702
518
1410
649
633
631
615
1113
1259
639
779
875
866
841
846
803
797
785
800
723
674
654
708
715
677
659
639
600
654
712
813
941
975
915
900
882
862
843
857
851
828
815
795
741
695
723
716
743
731
741
703
712
688
671
672
693
700
694
680
728
700
664
687
706
669
638
652
623
635
642
600
630
670
666
687
721
726
735
862
931
859
836
830
821
861
793
787
820
821
810
823
823
821
820
795
785
774
764
749
728
749
764
751
729
751
718
697
708
682
649
684
618
613
646
631
644
687
672
694
618
798
690
725
782
777
803
777
700
771
729
738
705
728
690
708
649
656
651
634
643
644
613
607
616
571
593
636
682
764
825
852
859
877
800
769
728
695
695
649
674
679
629
641
633
613
623
633
631
669
798
792
856
831
841
823
787
703
731
679
636
672
659
661
665
674
620
608
628
608
615
672
698
748
829
864
889
859
829
807
728
718
734
702
652
679
656
649
636
674
641
654
639
615
628
641
665
676
706
787
838
846
826
805
808
759
779
721
669
654
659
636
613
671
1164
695
775
1641
692
680
679
728
726
692
631
751
700
821
520
1175
882
1348
759
593
1356
1387
2034
700
692
682
695
731
