--Ethan Raina at Sun Feb 9 10:42:25 2025 217 points
731
710
685
715
713
738
744
767
748
752
736
682
659
669
661
685
700
751
790
805
833
808
810
739
741
733
728
718
739
731
779
754
761
754
721
761
716
697
698
702
675
723
720
736
682
682
700
744
702
693
659
710
705
718
723
708
718
707
690
710
687
744
731
782
731
730
741
744
795
726
715
733
690
728
687
706
725
705
716
687
710
723
731
731
695
702
685
664
687
646
641
662
656
667
682
759
741
736
741
725
754
718
705
649
687
682
685
687
718
713
710
710
721
641
677
718
708
746
725
718
769
736
706
707
728
739
756
757
687
731
720
741
721
733
690
710
700
749
682
695
692
723
682
654
636
602
595
595
554
600
669
705
734
702
728
685
674
649
675
643
644
646
605
603
656
644
694
711
654
689
695
728
700
703
692
731
713
664
646
710
687
677
685
667
689
693
705
674
716
694
721
656
695
703
777
733
687
705
736
721
697
700
785
754
748
724
702
756
713
700
698
700
684
716
707
713
680
