--Ethan  Chopra at Wed Feb 5 15:28:49 2025 195 points
751
695
679
703
687
700
713
687
646
664
690
708
690
666
659
670
689
698
661
680
684
685
649
602
587
593
574
567
613
771
785
779
783
794
782
788
723
684
659
682
667
708
720
749
703
710
695
689
667
687
695
698
661
664
716
676
685
682
728
718
698
689
721
687
682
675
666
657
666
690
626
636
697
710
713
744
772
738
692
682
695
641
641
652
641
671
711
725
698
710
715
711
679
690
690
694
649
636
649
620
600
623
631
710
770
756
738
744
710
685
644
607
626
569
582
577
621
748
854
849
784
777
770
733
731
718
730
731
736
716
728
730
724
743
723
728
685
697
690
718
703
674
615
624
689
718
767
708
723
730
726
700
733
680
656
685
695
718
736
707
695
664
652
689
662
669
677
654
664
682
751
754
708
718
769
782
787
759
721
743
726
733
754
739
723
684
703
738
790
726
679
690
731
746
726
