--Ethan Raina at Sun Feb 9 10:30:29 2025 172 points
680
718
687
725
729
756
736
667
700
725
744
708
715
769
775
761
721
664
720
693
684
690
669
739
741
769
795
800
797
795
756
726
756
749
751
726
787
736
713
692
721
749
769
818
774
813
810
780
733
744
730
770
725
744
761
785
785
733
731
730
703
708
674
682
731
728
705
680
738
726
741
741
723
795
749
751
731
741
800
761
746
713
721
761
769
782
752
774
798
805
782
713
728
754
730
754
721
779
787
752
756
713
751
769
770
759
730
757
754
733
713
682
751
749
754
720
741
744
766
739
713
733
700
713
713
710
710
739
730
749
744
718
743
729
753
711
700
710
733
682
664
657
677
718
766
757
792
728
736
741
721
754
730
736
726
756
721
723
751
751
790
772
746
731
743
731
703
695
715
756
775
754
