--Monica Kumari at Thu Feb 13 18:37:59 2025 269 points
731
728
731
702
623
626
602
634
656
695
667
669
682
659
638
659
657
643
611
605
620
644
572
602
669
629
615
628
600
600
649
644
651
690
694
639
641
695
664
664
682
633
618
649
631
661
672
718
687
680
669
618
615
659
657
669
674
680
625
629
646
602
598
628
626
630
623
593
623
684
688
682
669
631
661
649
626
582
592
585
620
677
700
646
618
641
646
649
674
623
641
683
653
644
638
618
636
672
644
638
657
661
618
615
603
667
656
641
628
664
721
708
697
692
652
615
597
659
652
682
720
693
653
621
618
651
651
670
610
602
659
654
687
736
667
628
646
698
682
723
723
695
626
656
697
703
713
702
726
679
693
677
687
656
670
679
659
654
677
666
675
682
695
630
636
667
644
618
625
639
643
646
595
618
659
639
628
623
603
633
618
566
595
657
651
703
700
707
628
616
646
582
567
577
566
636
669
683
700
712
675
682
684
670
618
625
641
582
600
598
636
689
688
661
646
626
600
618
674
641
641
649
636
605
613
592
621
674
659
664
697
680
690
620
664
659
670
723
702
641
646
688
656
674
680
677
692
705
710
641
600
598
574
572
587
592
670
664
669
695
738
667
672
649
653
611
605
633
633
