--Sean Thakur at Sun Feb 9 13:01:49 2025 209 points
735
731
746
767
756
765
756
746
739
769
805
792
790
774
785
785
805
764
733
741
751
788
738
723
759
762
792
749
759
764
759
764
720
744
754
736
746
725
744
754
764
738
711
730
742
769
702
716
730
754
734
707
749
754
782
723
723
731
746
780
728
738
754
767
802
731
749
769
782
831
756
741
762
782
790
748
723
762
751
769
700
718
754
762
772
723
756
780
766
767
736
741
743
734
728
705
749
756
777
723
726
764
774
785
726
746
759
771
767
721
748
772
759
746
741
757
759
743
757
743
777
785
754
769
792
808
792
741
736
803
789
770
725
739
797
754
708
700
697
685
713
730
723
724
725
744
759
759
695
694
718
759
731
690
700
738
749
756
718
721
769
775
753
726
692
741
723
762
733
746
754
811
797
790
764
810
787
785
772
769
779
813
800
772
764
787
782
793
753
772
785
797
764
798
779
800
785
777
769
826
792
782
772
772
759
769
697
726
736
