--Banoth Tyler at Sun Feb 9 11:09:05 2025 184 points
1497
2479
5270
3413
610
723
749
861
805
739
666
657
731
774
838
757
697
723
718
685
692
690
664
654
674
675
666
667
713
638
644
705
697
685
672
700
605
674
628
621
674
1162
682
790
769
751
695
623
898
651
3051
1146
787
575
1343
603
1792
580
1295
597
1228
608
705
641
631
669
603
574
587
595
615
611
628
631
661
616
671
662
636
828
369
672
590
638
649
680
725
651
665
684
695
705
726
746
859
800
761
700
636
636
590
633
644
695
731
738
680
623
630
629
746
789
718
700
1195
623
567
651
687
711
697
664
1211
605
648
677
731
664
659
662
697
746
698
641
707
688
725
641
721
684
685
710
700
600
657
736
779
839
789
716
707
659
672
662
702
236
377
623
700
780
864
797
703
700
664
684
667
649
666
659
711
651
713
697
698
710
690
713
800
720
774
744
751
790
