--Banoth Tyler at Thu Feb 13 10:02:20 2025 208 points
651
677
654
649
656
682
628
646
723
708
726
715
680
610
623
685
718
661
613
618
626
674
700
649
602
631
631
674
715
688
666
659
657
597
585
574
582
621
638
685
692
682
605
628
644
613
625
672
641
654
569
590
585
566
552
625
623
613
644
597
605
621
574
593
610
628
659
659
631
613
671
657
625
652
610
603
648
641
657
689
636
629
648
623
639
636
600
628
710
698
661
636
690
666
631
628
588
628
646
615
600
631
610
636
703
674
649
659
618
649
661
672
613
628
579
611
669
669
669
639
664
656
672
718
680
643
654
597
623
677
698
649
602
613
613
615
628
605
634
649
710
759
643
641
623
631
610
603
615
623
613
746
659
659
649
667
602
611
659
656
664
639
612
606
625
603
597
595
592
618
564
580
595
554
587
556
618
659
651
608
633
603
595
610
577
605
623
600
580
587
602
624
607
608
659
636
638
649
644
638
631
651
659
677
703
712
721
726
