--Banoth Tyler at Tue Jan 28 15:14:55 2025 379 points
631
661
652
630
577
621
659
602
613
582
577
621
582
566
595
564
593
561
559
590
549
569
559
646
644
571
559
603
582
618
615
554
600
590
649
666
634
623
643
611
643
703
700
610
610
616
646
625
611
579
641
641
608
592
577
595
656
606
623
518
566
595
528
529
548
562
633
621
636
587
554
564
628
595
613
582
559
592
564
579
598
579
598
564
602
667
631
600
633
613
618
605
559
580
559
577
615
564
569
590
618
620
570
595
661
618
585
605
579
603
631
600
612
608
615
636
572
500
703
610
646
618
598
610
641
572
584
562
564
623
582
564
595
590
630
608
580
589
582
618
657
605
1079
634
572
533
549
533
556
623
644
608
592
574
623
603
585
582
551
579
670
664
618
613
600
615
631
338
849
564
623
662
612
580
613
610
626
623
569
597
672
654
641
631
541
620
570
589
618
587
572
593
592
638
672
608
608
617
618
616
569
587
636
608
566
598
569
616
589
582
639
613
605
607
554
577
575
617
629
577
564
582
541
561
534
597
636
592
636
716
638
615
603
290
831
538
603
615
585
615
690
707
659
629
625
692
713
695
590
597
626
641
628
608
592
621
610
572
579
572
613
651
623
608
618
636
618
579
557
618
582
600
605
587
626
584
569
582
547
577
597
415
741
547
602
636
592
603
602
603
628
575
556
595
610
605
598
584
608
582
556
585
526
543
531
559
549
541
561
531
577
574
547
556
528
567
531
559
528
541
592
603
643
641
618
634
618
579
577
561
580
608
569
592
513
728
713
638
585
613
615
634
612
580
608
705
651
633
618
595
595
615
580
605
628
580
587
587
467
810
590
597
605
600
570
600
574
603
515
638
605
580
603
605
571
595
570
576
621
