--Banoth Tyler at Tue Feb 11 18:03:02 2025 226 points
629
648
603
597
595
687
770
733
687
664
667
728
703
707
649
690
669
669
659
631
728
800
787
813
893
817
724
700
764
702
664
644
677
877
864
754
723
648
677
644
682
621
628
651
603
615
682
746
703
679
711
723
725
700
693
738
751
736
705
721
656
626
638
636
685
774
831
741
682
687
744
800
718
687
685
700
612
570
615
644
718
753
695
675
674
736
705
638
739
741
697
685
715
731
662
671
752
897
810
688
641
682
710
992
928
862
813
838
705
672
616
633
795
931
930
870
851
838
713
657
676
267
464
664
770
756
713
808
882
725
700
621
592
610
593
582
700
653
624
684
695
746
757
620
664
705
739
751
672
672
710
797
747
779
823
767
733
751
770
751
785
820
767
692
677
749
756
685
669
726
771
695
698
730
721
661
680
695
720
682
721
767
753
693
697
726
715
664
695
726
741
720
785
728
698
659
661
610
631
608
654
664
690
656
682
636
672
692
656
654
677
700
657
587
833
777
705
672
713
802
785
882
836
841
764
736
