--Leo Ali at Sun Feb 9 11:42:58 2025 210 points
651
790
872
859
848
893
856
805
687
634
661
690
751
772
769
805
757
682
623
618
602
585
574
539
572
607
729
777
807
821
825
826
836
823
831
848
852
823
843
829
851
854
882
851
751
852
923
900
769
790
810
774
721
813
889
900
911
843
752
774
831
861
777
708
679
695
605
646
726
785
697
633
639
679
759
790
798
800
789
741
726
738
744
746
751
785
772
774
816
761
795
818
813
705
767
823
800
730
739
815
813
780
718
743
757
751
679
716
766
780
743
744
759
769
800
741
741
803
795
792
800
733
780
784
775
754
787
774
782
785
723
741
769
767
759
690
677
705
777
820
798
784
728
770
753
754
752
666
710
747
774
774
723
752
761
805
731
705
759
749
754
692
721
753
800
816
772
738
754
754
787
713
710
759
746
790
744
743
736
715
636
587
624
589
557
595
687
728
723
777
738
747
728
718
666
680
674
685
600
577
613
553
585
610
844
892
918
941
934
817
