--Guguloth Harry at Thu Jan 30 16:16:05 2025 234 points
523
516
536
566
528
562
508
538
526
556
533
524
559
569
584
572
577
633
629
618
656
605
567
582
551
554
544
551
500
520
523
500
518
457
497
475
500
510
592
675
671
700
723
677
657
630
603
631
533
557
571
585
587
621
592
608
646
649
669
669
662
659
643
657
623
605
625
577
587
575
592
631
623
613
641
608
602
574
554
575
551
567
612
621
633
634
602
592
608
585
607
554
567
610
598
592
667
659
679
677
654
656
654
613
628
669
629
615
620
624
610
623
587
621
656
626
623
643
623
623
626
600
608
633
592
598
651
616
623
641
610
631
587
605
636
595
589
621
613
610
623
590
587
626
633
628
672
633
631
667
656
577
613
620
624
651
608
630
693
633
620
639
595
587
572
592
595
564
587
644
623
610
623
623
603
602
590
623
593
605
648
636
582
600
585
567
577
533
595
577
579
610
567
574
572
546
575
551
613
608
587
613
597
631
666
603
587
605
598
620
687
647
607
608
595
587
600
410
187
580
561
585
639
615
608
633
626
615
610
582
582
557
566
585
