--Leo Ali at Sun Feb 9 10:11:58 2025 195 points
667
689
685
285
923
615
649
515
605
536
367
779
526
569
492
626
485
548
572
577
580
1166
557
533
613
651
492
693
589
657
623
610
562
559
595
574
646
657
697
669
618
633
726
805
777
692
667
675
684
682
657
646
579
613
587
608
628
587
682
452
610
605
664
664
618
641
623
646
693
672
656
651
595
574
703
633
652
623
597
636
654
643
608
626
613
630
685
633
605
634
649
630
649
597
595
646
634
661
698
605
615
662
649
664
664
610
590
641
633
662
651
633
621
656
682
652
643
626
582
623
654
661
667
638
608
631
638
667
628
605
616
620
675
656
659
618
582
620
659
649
664
649
597
580
623
618
628
659
582
569
641
639
667
656
559
623
967
895
646
618
595
648
626
646
685
612
600
636
644
646
651
670
605
590
656
636
641
713
602
521
600
600
654
712
677
657
687
595
633
662
595
584
628
605
557
