--Leo Ali at Sun Feb 9 10:06:26 2025 288 points
630
624
587
620
700
652
589
605
608
644
666
608
597
631
646
659
690
636
585
636
612
611
674
615
595
616
605
623
687
646
623
626
620
644
669
613
605
639
615
638
667
587
662
631
671
639
626
651
628
659
631
620
659
626
636
643
588
633
674
593
594
647
646
643
634
600
630
654
675
625
587
831
457
484
580
546
577
559
518
551
585
651
561
593
605
626
664
641
587
631
620
646
631
567
564
587
615
1021
818
646
574
577
669
626
621
597
605
621
638
587
623
654
634
620
598
607
649
649
620
580
630
616
625
634
590
615
613
582
605
600
641
649
579
600
618
616
582
605
574
626
620
567
600
600
492
772
592
600
636
626
643
600
611
636
666
644
543
631
639
641
620
628
616
648
662
618
636
636
664
677
615
608
643
636
593
602
603
623
641
631
648
529
589
636
569
562
544
512
534
584
598
582
559
590
556
559
595
510
585
577
546
572
512
613
539
569
610
536
546
554
585
579
608
615
610
562
603
610
602
647
589
564
606
602
610
616
607
590
544
582
608
582
589
626
556
580
587
562
648
587
598
567
546
646
856
223
1170
623
569
569
649
608
530
644
615
623
629
607
995
718
1133
595
605
447
664
615
554
1402
393
433
592
639
513
623
577
1028
208
633
487
710
605
636
641
547
587
487
641
585
