--Andy Vyas at Mon Feb 10 15:58:22 2025 307 points
720
700
677
659
641
644
697
700
670
641
684
623
595
613
549
566
539
533
534
518
579
649
692
674
644
613
605
574
564
585
644
679
754
751
726
713
671
583
576
621
644
702
680
682
633
615
572
554
574
575
589
624
612
634
574
569
603
587
621
694
688
694
662
615
575
618
615
685
700
733
705
682
690
651
616
605
546
556
600
649
718
777
769
746
680
672
676
652
664
690
633
608
600
541
577
579
659
695
741
723
669
649
592
618
675
648
667
638
613
585
618
597
664
690
687
685
656
685
656
680
677
654
625
636
657
646
615
595
569
623
621
648
662
597
588
628
649
676
690
680
623
618
618
630
654
662
602
588
564
610
682
687
708
664
669
651
634
659
605
590
612
583
602
595
572
610
613
641
674
605
623
672
669
652
631
576
603
646
646
675
664
643
588
623
623
643
682
688
679
618
587
567
618
625
682
698
713
654
641
656
631
646
633
564
552
561
510
572
577
608
659
620
598
600
546
567
569
636
710
685
679
677
697
682
641
618
585
603
643
636
615
621
567
605
602
641
706
700
666
618
633
626
633
644
597
626
615
665
682
661
585
605
672
684
703
687
598
605
638
613
602
600
570
587
585
623
666
623
613
654
641
677
656
654
631
649
687
664
638
616
610
621
651
590
597
659
664
633
631
628
634
695
641
587
628
636
667
651
643
677
695
600
675
646
587
562
543
