--Andy Vyas at Mon Feb 10 16:03:12 2025 208 points
659
707
670
638
654
682
754
751
682
652
571
567
533
598
679
708
700
685
692
623
572
595
579
590
584
680
710
654
603
587
569
608
697
703
715
713
718
659
605
610
616
710
720
731
700
690
685
625
626
677
730
739
733
728
731
664
613
616
594
644
726
718
736
676
677
657
666
680
723
669
639
669
664
695
705
723
662
625
641
649
669
716
661
639
666
690
649
607
629
633
638
641
603
610
634
602
595
572
628
677
626
612
672
667
649
620
641
636
641
651
603
623
644
615
579
580
595
636
654
674
646
618
595
646
651
698
666
641
580
592
657
700
687
715
659
623
646
644
667
677
700
636
587
613
623
656
703
682
669
649
577
605
669
677
684
665
661
608
631
674
672
664
659
631
658
700
657
592
605
603
646
623
574
557
587
539
623
592
579
588
538
562
546
543
567
523
559
510
559
554
600
680
664
615
613
661
731
752
725
639
710
749
753
713
716
741
712
634
