--Chris Dhakal at Wed Jan 29 14:10:29 2025 213 points
682
636
661
680
618
654
671
677
636
631
680
638
646
695
728
685
690
756
715
672
636
692
662
697
672
633
611
636
579
587
605
631
626
646
590
595
610
620
634
695
659
669
651
639
638
636
600
610
649
638
634
656
664
690
687
692
685
710
721
741
705
720
744
736
708
653
665
702
695
654
661
711
697
664
710
711
684
685
685
684
662
648
698
677
664
672
677
707
705
711
705
715
680
677
684
703
687
669
685
715
741
682
716
764
738
723
695
705
675
679
651
695
713
674
670
697
736
695
682
710
744
715
693
733
756
741
698
718
707
688
635
631
682
649
651
634
594
629
664
600
628
700
633
626
656
693
630
613
652
643
623
631
605
608
643
618
618
682
680
690
702
680
710
720
726
726
733
756
734
743
734
748
757
700
692
687
734
746
766
767
795
741
679
700
708
687
705
724
789
767
715
705
685
664
659
662
664
718
733
698
730
690
674
634
687
667
653
641
695
718
649
672
695
