--Chris Dhakal at Mon Feb 10 15:42:38 2025 325 points
554
575
541
556
585
528
564
528
523
569
552
633
546
621
633
615
582
593
551
590
607
649
693
646
654
643
641
590
602
539
556
629
625
659
713
708
682
659
664
628
605
623
577
603
574
595
574
539
569
556
580
651
674
693
695
723
738
790
792
764
736
654
636
615
552
541
541
520
539
492
515
482
529
502
531
518
536
590
597
662
738
751
749
723
713
651
598
610
556
546
567
533
559
521
544
517
547
584
600
631
682
682
695
720
724
689
682
688
648
631
638
616
605
628
603
636
666
652
682
661
664
618
590
597
554
564
521
541
510
521
546
502
531
518
539
551
592
651
688
671
688
633
605
613
569
549
574
523
546
508
541
516
541
556
549
589
588
610
656
641
646
670
646
654
669
641
644
648
652
620
628
649
623
633
649
633
631
651
649
646
659
652
643
662
648
675
700
684
670
638
646
623
603
623
587
587
552
541
559
525
552
515
549
518
546
582
551
595
597
598
636
615
628
652
628
633
641
590
582
608
584
595
605
595
628
613
654
662
682
666
646
647
582
577
556
541
549
530
547
510
531
518
505
538
516
556
541
600
595
615
649
631
638
659
651
642
612
629
589
611
587
587
623
603
617
654
623
626
649
613
612
634
600
595
615
569
590
572
569
592
595
621
674
664
649
651
605
600
598
559
569
541
515
546
500
531
500
534
505
538
528
541
577
575
615
582
592
624
612
639
695
679
654
651
623
593
571
552
523
533
498
523
512
539
510
