--Ethan Raina at Sun Feb 9 10:48:48 2025 359 points
695
746
736
751
728
751
754
741
759
687
716
749
753
752
736
669
664
638
613
687
780
833
821
802
767
738
734
687
667
666
652
597
672
615
682
700
775
779
715
762
705
728
659
616
628
633
605
654
608
613
646
600
626
620
618
600
649
677
730
734
787
718
723
685
679
626
630
667
659
690
710
728
759
708
626
664
618
623
713
723
710
726
748
728
703
659
682
674
667
685
705
649
661
680
669
702
705
770
725
721
708
730
754
710
677
685
695
702
667
685
684
726
700
702
708
667
625
703
715
713
716
725
723
703
728
726
707
700
688
666
634
669
679
649
672
692
718
713
708
682
669
674
652
638
613
628
662
692
754
751
759
772
728
682
680
689
639
592
636
669
698
743
654
613
641
615
611
653
639
669
677
721
689
654
680
674
700
679
693
625
621
677
692
736
744
730
723
693
651
628
611
656
715
744
756
744
731
761
734
705
674
710
695
639
636
687
700
728
728
754
682
690
656
603
628
664
677
710
731
731
754
692
705
662
630
608
644
656
697
716
733
710
675
656
675
661
685
695
725
693
692
713
682
597
633
683
661
700
690
690
607
611
610
628
656
698
700
687
710
682
657
666
623
606
623
669
687
687
705
744
749
748
706
661
590
582
584
583
607
616
643
590
577
590
1674
774
636
626
702
652
648
703
705
713
710
710
744
741
726
702
728
703
703
700
705
687
692
677
741
726
725
711
733
744
723
736
771
795
746
731
744
728
741
651
595
639
646
784
665
807
790
782
749
718
674
651
652
687
672
702
692
685
646
659
721
738
757
771
713
695
669
670
700
689
728
747
720
739
730
