--Sam Saini at Sun Feb 9 12:35:09 2025 164 points
864
894
862
826
871
926
854
849
769
782
715
685
685
710
808
807
834
853
818
754
749
726
766
867
956
977
1034
1059
969
923
854
833
782
754
790
887
949
992
928
515
1349
751
839
777
792
767
815
723
736
769
826
826
825
826
851
944
1008
1005
948
898
913
1010
1023
954
961
995
975
925
851
854
911
964
1018
1005
1013
1005
1002
993
994
1003
908
887
943
995
1011
1030
1013
1062
1020
980
889
931
939
910
954
1051
882
923
967
964
905
931
341
592
890
836
838
805
867
700
810
749
682
690
741
823
792
882
944
979
970
877
856
938
1041
924
971
777
821
810
895
1008
1012
1041
1029
995
961
949
866
859
867
882
954
997
811
902
1685
802
803
754
523
972
784
764
793
769
838
813
877
795
808
848
944
951
