--Sam Saini at Sun Feb 9 12:29:15 2025 129 points
910
869
872
831
828
818
874
831
805
749
728
677
708
964
1095
1087
1023
987
893
871
808
839
907
923
934
941
871
806
761
703
679
692
724
807
854
839
897
969
921
818
789
739
728
774
903
956
1018
988
935
882
839
790
761
708
708
692
731
633
656
680
626
615
638
677
739
790
971
864
1070
1087
1041
1002
903
859
818
715
687
657
659
749
900
935
852
802
829
800
743
744
746
805
1044
1102
1082
1110
1070
1041
1048
395
1226
713
687
664
613
631
618
625
885
954
948
854
867
828
805
839
805
705
751
849
885
925
872
872
805
797
790
767
805
756
777
