--Banoth Tyler at Thu Jan 30 15:30:37 2025 200 points
623
654
659
656
652
641
643
600
569
636
664
621
620
672
721
669
628
639
633
672
697
641
682
749
741
674
626
679
654
667
631
584
598
615
582
569
583
561
605
580
587
587
546
562
536
584
644
656
667
672
600
638
616
576
572
572
587
652
633
651
698
682
687
672
689
618
593
630
611
618
653
629
610
597
587
603
595
595
610
562
597
531
610
636
618
623
631
605
597
626
551
567
523
541
541
615
721
690
618
641
669
679
647
653
688
717
690
644
646
654
672
641
618
720
623
592
600
570
587
610
587
623
567
595
679
706
676
716
718
651
674
659
611
584
626
672
710
721
664
633
628
585
569
600
574
598
628
567
643
652
659
638
690
625
631
685
672
638
651
600
590
605
572
618
833
798
700
679
741
695
639
615
605
587
646
652
625
649
667
646
633
598
574
626
641
679
641
582
567
605
623
669
639
572
607
698
689
649
646
621
