--Banoth Tyler at Tue Feb 11 17:57:39 2025 238 points
930
862
787
685
725
747
774
790
700
677
646
659
705
795
861
867
815
749
692
741
795
780
751
687
682
644
620
664
744
762
741
733
715
770
769
849
559
671
639
651
610
595
644
677
751
728
703
684
705
708
741
718
700
682
705
667
705
713
669
634
646
720
744
713
677
674
679
736
836
841
792
700
665
646
692
715
752
725
726
697
739
700
715
662
649
661
651
788
746
743
731
731
790
794
736
729
682
661
654
600
626
638
641
695
715
857
828
749
700
677
687
649
628
674
182
444
628
656
611
620
654
615
616
684
685
695
666
700
670
589
754
667
685
707
705
654
685
674
736
726
754
702
710
652
582
692
623
690
800
879
890
874
854
811
759
684
687
685
746
816
758
711
672
669
648
616
597
631
664
626
708
666
651
693
692
633
680
661
644
492
898
748
742
725
690
685
646
664
700
638
662
641
664
649
674
708
679
659
685
643
659
685
695
654
633
631
595
582
630
621
610
618
585
600
584
616
659
651
672
682
679
670
682
700
607
611
653
618
623
665
666
698
720
744
674
713
736
800
