--Banoth Tyler at Mon Feb 10 12:19:07 2025 224 points
535
598
641
654
723
720
752
738
731
692
669
595
585
590
641
679
749
741
700
620
667
695
849
905
782
679
611
682
674
679
644
626
684
854
869
731
639
574
621
674
872
877
812
872
675
1120
892
834
725
649
656
785
295
613
923
879
872
872
251
587
670
630
611
651
659
718
679
813
716
687
648
659
1257
620
1193
630
636
564
1200
549
608
569
539
651
649
643
600
541
575
564
520
544
525
603
615
629
646
628
600
600
587
669
741
721
618
579
662
490
579
533
572
500
646
605
644
682
739
789
744
726
643
623
567
618
692
649
641
651
631
856
895
805
718
628
434
838
644
702
670
646
590
625
646
772
667
661
541
580
587
685
677
751
767
823
884
844
802
598
605
615
834
884
795
716
738
900
915
772
669
652
736
923
918
756
679
621
859
923
867
869
885
882
864
800
743
731
874
1003
764
800
659
731
769
723
708
610
682
785
892
828
716
602
685
659
715
695
662
574
618
572
628
633
641
844
869
772
738
731
680
669
672
674
772
761
