--Banoth Tyler at Thu Feb 6 13:18:25 2025 220 points
715
708
741
639
618
676
570
666
634
623
595
577
530
646
565
700
623
592
644
553
670
651
618
590
571
611
597
615
642
1148
569
572
608
631
528
585
497
1044
1118
605
589
613
572
636
561
603
533
559
616
541
705
397
595
557
579
585
630
618
662
674
646
618
631
592
575
600
613
697
762
756
677
618
679
688
769
733
682
605
557
620
628
680
659
605
618
720
742
656
564
1144
618
505
579
751
706
679
615
626
657
646
666
1172
587
636
762
751
705
680
736
792
731
1220
626
695
705
720
698
700
733
833
841
734
633
562
1228
687
590
602
644
702
834
725
698
659
682
592
1131
620
588
700
784
718
667
674
728
788
784
1341
649
569
726
420
662
585
620
703
748
677
613
585
607
600
598
608
566
613
797
834
854
779
731
697
1234
600
1125
652
715
813
746
682
672
705
705
721
628
569
633
664
700
665
594
644
682
697
600
1308
618
644
641
661
628
567
631
664
759
685
646
1205
631
612
588
582
648
672
777
654
662
651
690
682
