--Banoth Tyler at Fri Feb 7 11:13:54 2025 168 points
736
720
703
728
703
682
633
651
713
677
628
652
661
682
677
700
633
652
718
759
754
679
664
657
674
718
684
657
618
608
628
687
664
633
657
656
603
643
585
620
693
323
282
697
634
633
646
687
667
664
631
628
639
661
703
669
679
770
787
748
767
698
715
687
690
1341
602
703
764
818
774
631
808
702
749
1418
641
667
723
743
703
656
744
756
759
675
649
700
764
815
777
700
692
726
741
713
664
1325
731
659
1310
680
700
674
1249
1277
1772
615
1159
649
672
682
2877
1428
592
1213
605
574
641
736
729
630
644
626
605
1143
631
703
638
600
1318
697
988
2136
633
1331
1294
706
769
738
713
680
812
562
1087
762
713
720
785
756
756
816
897
834
751
1038
352
774
677
690
633
695
746
751
736
834
830
757
