--Banoth Tyler at Wed Feb 5 14:37:21 2025 148 points
531
536
530
595
631
615
524
1128
536
536
605
541
1033
1154
1261
600
588
535
608
554
1146
1082
1262
643
1085
572
1143
1141
523
1159
1636
1129
551
2297
703
464
1197
516
520
628
1611
1641
2754
1128
546
3210
559
2744
525
608
521
592
590
589
670
1210
667
556
1167
1651
477
749
564
1689
1182
634
2831
1671
1588
5207
1123
1587
6098
546
2154
2736
592
1051
485
1677
536
566
603
1190
556
285
923
567
1148
531
1136
610
1144
566
631
608
1138
513
1126
577
1661
611
648
1770
548
600
610
1162
208
907
565
597
1151
567
610
626
1220
498
646
2151
1151
1616
1731
500
515
4864
1105
567
600
520
554
508
587
531
559
592
505
1077
623
503
605
549
597
621
597
1715
1221
2933
