--Alex Chavan at Tue Feb 4 14:44:30 2025 308 points
659
641
666
647
646
666
659
682
711
705
664
674
672
710
600
698
641
625
654
695
633
626
690
649
648
700
634
635
636
605
626
695
621
700
661
695
723
623
726
697
710
618
631
644
625
641
590
546
600
575
664
641
754
448
1280
715
557
615
595
567
569
623
636
641
664
623
641
669
618
610
634
589
629
679
700
792
818
854
844
864
854
808
753
757
731
725
698
746
779
772
782
795
808
761
710
775
759
766
706
764
818
743
716
759
733
769
690
710
726
743
713
785
805
836
790
764
774
723
703
702
652
697
692
657
674
677
767
787
710
685
671
711
661
667
697
698
718
746
713
777
728
743
716
738
711
748
780
731
810
779
757
723
756
777
754
746
759
710
834
712
662
685
661
664
652
671
693
712
706
748
721
720
677
731
703
707
708
726
710
723
813
725
726
698
751
682
702
698
684
652
705
692
690
669
644
666
667
682
677
703
689
688
666
693
715
733
693
687
746
677
690
689
713
682
682
690
697
698
690
687
702
682
688
674
674
664
670
682
651
705
736
703
697
718
754
736
671
667
705
659
646
644
705
718
762
725
734
712
685
672
625
593
592
595
569
610
562
556
572
569
603
572
579
613
587
600
646
626
579
595
598
638
646
698
697
759
746
782
762
736
743
670
648
647
692
656
652
718
759
735
706
730
729
676
675
679
662
646
636
692
692
639
613
610
615
680
656
649
