--Alex Chavan at Tue Feb 4 14:40:51 2025 184 points
769
685
720
708
682
646
751
598
646
1349
679
654
710
703
667
633
1305
677
682
682
741
700
785
807
767
703
769
618
707
565
1253
595
618
649
746
767
738
662
346
482
733
621
777
590
400
1492
623
1146
597
600
583
630
572
613
710
754
792
829
666
1026
838
767
733
736
710
729
671
803
741
790
823
815
775
764
779
767
708
694
741
752
720
782
805
808
792
770
756
723
731
715
780
815
792
839
851
798
766
754
751
747
715
728
751
795
775
774
839
807
769
798
695
756
677
731
702
711
723
769
785
794
759
775
756
759
685
702
721
677
692
708
746
710
734
735
736
700
703
702
724
648
603
861
411
1279
931
508
564
574
554
502
552
523
513
500
543
564
616
641
766
780
836
864
864
833
831
790
728
700
700
669
687
688
756
815
785
741
710
759
703
692
703
700
651
664
