--Ethan  Chopra at Thu Feb 6 13:56:10 2025 199 points
572
639
715
779
754
770
738
626
592
590
574
590
561
582
680
656
644
718
679
693
712
706
623
630
665
664
653
606
646
615
608
590
553
575
520
541
521
587
818
746
690
713
692
710
636
610
623
583
582
566
541
590
644
723
702
700
618
616
643
631
638
654
623
649
728
695
654
659
692
687
667
664
644
674
713
695
661
662
713
687
687
649
690
687
695
684
649
661
683
746
687
664
708
705
715
695
715
682
706
689
690
657
694
693
697
685
689
703
687
634
643
685
648
631
669
670
684
685
700
685
707
703
715
664
708
728
744
692
685
707
767
733
693
679
721
710
687
667
713
728
731
697
692
657
661
685
633
634
671
688
674
690
705
677
646
661
693
651
646
682
682
675
692
720
672
677
705
667
659
654
656
600
585
595
615
623
639
677
684
692
641
621
654
651
659
656
634
672
694
731
654
618
631
620
657
723
705
723
741
