--Ethan  Chopra at Tue Jan 28 16:50:58 2025 270 points
889
836
869
906
792
843
870
815
756
790
810
731
718
803
859
833
828
864
890
841
846
864
852
797
849
879
908
828
839
823
766
747
815
877
797
811
864
820
821
866
826
813
818
825
782
793
851
892
864
877
926
885
836
874
879
813
813
854
869
792
703
749
736
730
764
711
677
687
695
684
752
823
902
900
928
952
966
947
882
784
703
682
697
762
864
936
984
957
1010
1051
1006
982
918
815
733
716
707
749
764
854
915
944
959
979
1018
1005
954
895
854
772
731
718
674
677
731
838
905
916
915
923
941
1015
995
1000
903
797
721
697
705
767
841
905
903
951
992
1021
1005
949
802
723
708
733
718
805
862
926
938
944
964
954
930
890
808
736
692
672
664
710
736
823
898
941
941
889
906
925
998
1002
972
800
713
725
685
736
823
897
944
1008
1005
923
815
777
711
715
741
844
930
967
1067
1056
977
846
774
736
716
754
838
1005
1082
1085
1031
930
823
759
726
754
720
780
879
954
946
977
1013
998
969
836
728
713
656
649
702
852
915
964
1026
997
975
918
787
738
728
739
800
869
923
946
975
982
956
893
771
721
697
703
684
754
813
864
869
895
913
928
926
879
849
772
736
692
685
651
644
656
623
703
787
910
972
974
887
913
