--Carter Thakur at Sun Feb 9 12:08:47 2025 251 points
826
718
666
623
647
705
733
862
823
815
795
777
787
680
782
733
843
767
828
816
807
816
731
682
669
684
788
833
800
797
813
808
728
739
741
723
759
897
892
818
834
823
782
754
823
815
780
841
820
757
756
672
797
769
757
823
820
772
795
803
800
779
823
834
805
802
849
849
777
830
772
710
739
702
708
700
734
689
875
838
756
726
782
741
716
846
831
810
813
838
823
821
841
838
790
797
808
813
820
808
880
897
815
841
841
852
792
846
780
725
744
797
770
817
893
913
833
892
885
859
838
870
869
733
741
821
856
874
629
341
902
877
857
874
846
833
839
831
789
818
857
820
846
870
851
846
885
838
828
857
836
789
852
900
884
795
803
807
811
777
759
792
869
877
815
854
857
815
772
800
802
777
803
864
882
821
900
846
813
794
847
859
602
998
846
848
800
875
874
857
838
931
838
857
887
843
834
807
798
820
847
858
803
805
826
805
726
759
761
721
679
667
677
820
746
695
710
790
723
767
764
664
851
731
793
817
721
733
741
631
641
769
788
805
795
769
672
735
726
764
708
746
700
723
682
667
631
753
724
753
621
