--Chris Dhakal at Fri Jan 31 09:25:22 2025 202 points
615
685
638
695
682
720
693
718
656
703
643
687
680
608
638
705
634
674
720
700
731
680
725
716
705
682
646
680
605
625
662
649
643
705
680
679
657
677
674
713
646
661
662
677
710
659
636
672
674
695
672
687
708
743
708
697
662
669
703
669
659
656
726
677
669
662
713
676
693
674
690
677
664
713
672
648
657
628
649
677
646
669
643
747
695
658
703
728
677
639
684
682
667
656
708
682
687
672
669
700
693
697
649
631
638
680
710
736
718
669
651
605
562
569
613
643
682
726
733
736
703
654
607
577
623
647
689
677
777
690
708
695
702
682
664
693
669
651
646
618
557
579
567
654
682
746
761
775
728
695
623
577
615
600
618
685
669
679
713
644
600
618
587
608
674
656
652
659
587
618
695
689
736
749
731
751
710
703
708
697
680
669
669
662
648
641
646
667
651
654
587
613
616
607
590
569
603
628
587
580
615
539
