--Chris Dhakal at Thu Jan 30 13:57:50 2025 181 points
693
659
690
674
643
667
659
639
620
667
646
682
654
679
657
666
695
654
641
674
718
675
643
695
652
653
629
594
608
659
631
605
641
613
623
661
583
605
659
638
595
646
564
693
669
607
618
657
613
394
811
615
628
662
613
643
695
646
618
659
649
641
623
626
630
639
649
605
620
682
693
530
775
641
643
698
628
638
690
698
664
648
677
654
644
674
631
636
677
695
674
638
683
687
656
662
620
621
654
633
615
646
618
605
618
595
629
635
613
644
672
638
631
641
654
648
631
636
636
644
646
623
620
659
631
595
649
628
631
666
646
690
698
659
694
685
718
641
641
662
612
1234
649
641
633
595
605
664
615
590
633
634
666
672
654
721
669
687
700
687
672
649
666
647
620
590
613
615
587
613
608
410
292
595
592
418
888
594
608
741
544
