--Ethan  Chopra at Tue Feb 11 14:50:29 2025 232 points
761
718
733
747
715
703
743
795
772
748
780
738
688
684
731
708
692
710
785
733
716
756
764
728
682
718
729
782
748
726
795
802
811
705
728
718
718
638
636
664
582
641
649
664
621
651
641
677
646
700
718
690
692
726
705
677
672
651
643
647
643
634
700
725
716
710
710
731
659
651
667
679
652
664
712
690
690
736
779
708
703
718
730
672
705
726
713
669
713
700
692
662
666
685
659
692
721
746
718
733
721
712
721
718
685
707
728
716
695
746
746
695
708
705
712
685
703
728
669
677
700
764
705
698
638
664
613
644
589
608
613
615
667
715
711
651
651
680
687
705
762
789
775
712
698
661
670
625
587
641
590
631
562
623
638
592
631
721
754
802
831
846
808
782
746
700
697
713
767
754
700
687
720
729
769
795
789
800
749
762
736
664
689
636
641
682
667
736
795
800
756
708
713
713
700
702
736
795
777
754
777
787
664
733
664
693
687
761
772
782
739
753
759
708
682
669
703
679
713
726
708
733
759
767
753
713
726
744
789
790
762
782
