--Ethan  Chopra at Tue Jan 28 16:47:11 2025 182 points
808
767
805
779
764
831
831
764
828
874
852
841
892
867
825
859
885
813
895
974
869
895
931
885
900
943
903
884
921
884
821
869
918
887
862
923
859
769
874
870
777
797
880
835
754
736
864
903
841
920
980
872
848
913
813
767
900
925
872
944
969
905
877
951
870
830
898
969
879
880
926
920
844
856
936
885
882
928
902
841
916
974
893
900
941
933
877
838
875
959
933
867
920
918
880
792
859
920
931
862
861
885
920
898
905
900
784
747
815
882
808
810
797
852
907
875
838
895
895
846
826
879
900
841
862
928
926
833
808
861
839
769
818
882
877
795
795
866
923
880
836
869
887
828
759
793
841
825
798
846
941
928
841
859
859
769
746
806
864
815
890
951
895
905
926
841
787
833
890
872
784
824
835
782
824
774
756
790
790
756
752
825
