--Ethan  Chopra at Thu Jan 30 13:45:01 2025 215 points
751
716
738
710
698
695
743
744
751
752
656
669
700
664
639
679
695
764
767
761
785
731
710
721
738
682
713
736
764
695
733
772
779
775
713
723
702
685
633
703
761
716
692
733
785
720
711
712
744
739
671
646
631
1205
677
639
646
638
680
749
787
761
716
725
754
785
736
712
744
790
764
720
700
736
731
749
733
710
741
741
736
695
723
729
764
728
702
685
708
736
692
651
677
739
718
679
700
751
749
715
693
741
738
746
703
718
708
728
736
725
698
710
733
759
700
685
723
726
661
621
705
628
613
649
623
648
695
631
669
693
674
672
666
644
661
711
692
664
726
790
771
739
741
736
795
738
726
761
798
797
728
752
761
782
721
723
743
767
746
695
733
752
759
694
721
718
700
651
672
736
764
764
723
751
747
748
711
715
718
726
743
726
733
739
753
759
752
689
698
695
636
643
672
695
677
684
777
870
856
823
815
839
815
752
730
744
756
729
753
749
762
700
746
777
733
