--Ethan  Chopra at Wed Feb 5 15:36:51 2025 198 points
759
733
682
674
685
713
715
744
700
690
689
703
692
690
710
680
679
687
713
672
674
698
638
616
641
584
567
590
541
574
536
528
559
526
554
528
577
546
569
603
584
593
584
577
600
580
587
592
557
592
554
579
646
682
708
718
792
772
751
700
708
690
702
754
749
764
744
759
751
759
702
680
677
705
687
692
721
772
743
736
695
718
695
667
661
682
664
700
729
715
685
684
723
698
684
662
695
659
648
675
669
690
692
718
703
700
692
720
659
646
659
621
628
675
664
687
715
754
736
718
690
700
671
688
710
728
715
739
754
764
695
682
677
702
677
705
705
675
687
703
730
690
677
667
695
674
692
700
662
669
674
698
659
672
710
718
713
702
705
685
656
646
639
597
603
633
693
741
725
680
677
674
695
674
677
687
657
628
633
626
623
664
728
728
706
694
711
710
736
720
713
654
656
708
705
718
713
739
