--Ethan  Chopra at Thu Feb 6 13:48:43 2025 321 points
557
556
585
641
674
659
628
626
656
664
646
665
656
656
670
641
628
605
605
598
597
567
561
603
610
651
657
620
628
677
659
652
646
615
639
653
680
644
635
647
618
602
605
598
589
557
559
587
559
608
620
618
626
613
638
636
626
610
636
628
641
656
613
613
636
618
628
639
602
613
638
629
620
626
605
613
625
605
613
639
595
602
633
598
613
633
618
613
608
584
610
606
610
636
613
617
641
608
631
636
592
598
625
593
582
610
608
625
639
618
605
618
582
610
597
582
616
597
598
630
590
590
623
600
649
602
595
600
569
575
607
595
582
577
572
621
615
608
651
631
636
638
587
603
633
621
633
644
607
621
654
625
631
639
597
615
639
605
600
636
613
600
638
618
613
623
603
620
585
592
610
600
600
639
605
608
648
618
618
587
605
606
625
608
620
634
605
628
577
600
613
602
600
623
593
579
621
610
615
603
597
636
613
605
623
605
611
641
618
620
623
600
598
623
577
602
600
598
613
566
580
648
585
595
615
608
621
633
582
595
546
559
556
536
562
528
556
582
603
628
603
623
623
572
579
621
595
566
603
592
639
620
615
613
593
610
620
600
600
616
584
618
621
587
610
575
587
623
587
577
618
585
600
584
564
598
595
574
595
569
597
590
613
610
582
621
638
613
610
611
589
598
574
534
558
536
562
513
531
569
566
618
559
567
608
597
621
641
569
587
562
579
613
600
561
598
564
577
569
587
636
