--Ethan  Chopra at Thu Feb 13 15:43:56 2025 169 points
708
733
754
692
726
515
695
677
687
736
785
743
805
795
767
802
813
751
813
852
825
867
890
838
803
828
841
828
880
894
834
882
869
823
808
838
800
846
885
859
864
900
836
859
849
772
792
851
813
836
849
856
844
815
779
818
793
784
844
802
795
841
823
777
803
836
807
780
813
790
789
828
816
810
828
790
833
875
890
820
821
853
806
756
785
810
782
769
805
816
771
826
846
808
846
864
774
800
798
785
792
841
787
826
836
792
751
777
821
774
754
792
818
810
826
790
772
738
677
736
641
646
669
657
697
792
864
880
831
795
761
739
728
784
813
764
790
787
736
705
667
628
703
741
825
847
825
754
723
710
734
687
700
710
672
741
774
780
702
711
736
769
795
771
736
767
772
787
736
