--Ethan Raina at Sun Feb 9 10:34:41 2025 303 points
702
706
682
697
731
738
708
764
777
754
774
731
772
774
744
738
746
721
708
707
675
689
695
741
690
723
751
726
744
718
725
728
772
746
721
728
749
746
741
710
680
705
702
685
659
749
774
785
769
733
759
749
746
700
723
731
744
741
725
769
744
774
759
726
790
764
743
713
736
764
767
772
743
734
761
723
731
687
739
754
766
728
706
784
718
726
684
713
690
649
636
646
643
641
680
661
677
713
697
693
715
690
659
685
661
726
677
651
664
662
689
711
766
759
749
749
741
771
736
711
692
710
685
677
682
733
739
720
749
777
748
741
711
730
765
738
687
736
764
741
734
715
754
764
733
705
716
766
731
731
705
726
779
744
718
692
746
731
713
695
736
751
754
728
708
748
729
741
700
733
715
734
751
702
747
700
702
649
690
664
679
705
652
692
710
705
649
636
685
653
659
621
649
648
654
685
631
582
625
595
613
656
659
662
661
652
695
705
746
695
697
690
718
718
715
682
723
718
752
756
782
779
765
741
728
779
739
713
715
731
764
766
716
731
738
739
687
677
702
677
710
677
734
730
749
741
710
759
759
744
682
715
706
705
689
718
713
731
718
726
720
764
728
708
739
710
725
716
720
708
718
703
735
716
715
710
711
692
685
702
685
620
603
651
687
764
782
783
756
720
695
700
734
707
716
648
659
657
618
628
623
651
741
