--Guguloth Harry at Tue Jan 28 15:51:59 2025 313 points
680
676
706
710
695
733
682
700
669
677
685
687
695
674
698
682
682
669
682
695
674
695
649
646
656
629
633
628
616
612
649
600
626
674
646
654
626
677
638
605
659
608
710
685
643
639
664
597
647
651
574
595
598
592
556
600
582
641
621
661
667
580
615
592
577
580
625
605
613
646
644
651
669
670
718
712
698
674
693
692
664
664
669
726
720
713
744
679
667
633
647
607
657
687
700
697
682
700
670
705
661
841
710
713
636
623
587
577
572
564
618
580
597
621
612
618
652
610
662
682
633
664
662
617
575
600
587
628
687
644
628
654
636
738
716
725
670
610
646
590
615
651
631
623
641
613
610
634
656
546
605
595
634
659
656
790
525
654
611
628
605
597
641
639
613
656
636
633
698
671
695
695
664
608
623
633
590
592
606
602
521
595
620
656
634
646
674
652
610
649
564
600
569
613
595
605
610
631
607
626
685
672
676
667
662
615
618
623
621
635
662
672
654
669
631
636
664
687
695
659
661
628
623
659
667
690
695
664
672
671
672
677
675
689
652
641
671
685
679
662
687
646
662
684
647
666
687
670
666
608
633
577
618
567
595
590
597
597
639
610
600
626
618
618
610
610
634
638
626
659
646
631
635
654
631
623
664
641
628
667
662
651
705
664
657
671
685
682
605
751
636
647
661
623
590
623
618
669
654
669
669
649
672
667
669
687
587
667
608
576
554
564
572
