--Monica Kumari at Wed Feb 5 19:01:58 2025 155 points
659
680
715
764
772
813
782
790
759
679
698
735
772
798
833
780
748
741
744
767
743
726
656
687
703
779
811
800
841
784
816
813
802
810
800
803
728
803
733
736
792
749
702
636
711
715
741
731
774
803
800
756
767
761
770
671
703
708
751
700
708
718
733
723
726
741
741
754
766
754
744
787
820
752
782
787
751
733
744
774
759
734
800
766
741
785
779
749
767
764
731
674
759
772
751
723
744
777
687
664
682
695
633
618
634
597
674
757
782
754
702
744
795
761
716
705
733
790
751
692
734
779
759
731
720
752
784
734
748
788
759
728
718
720
685
728
715
726
687
741
787
731
731
769
782
780
741
777
707
662
626
671
718
747
769
