--Monica Kumari at Wed Feb 5 18:56:01 2025 270 points
713
764
718
705
711
710
674
708
733
718
664
708
715
690
682
762
728
666
700
754
690
721
712
754
672
564
685
615
582
608
643
670
669
697
703
705
715
726
600
887
754
767
795
769
718
608
725
680
728
733
705
670
774
805
787
821
789
795
793
756
764
790
751
726
746
759
767
715
705
718
772
741
761
767
739
741
741
712
688
738
741
718
715
744
744
697
703
707
677
680
710
759
710
752
661
713
649
628
633
708
261
493
664
700
748
749
726
718
743
762
708
689
723
736
703
702
721
759
718
697
718
716
689
690
687
675
659
677
705
646
667
692
697
662
695
718
674
715
688
707
636
677
672
708
656
679
739
646
608
648
621
610
636
700
728
711
743
757
705
707
698
726
733
761
726
731
772
733
713
715
754
720
706
682
728
715
690
687
728
600
806
682
682
651
661
716
746
736
743
783
741
751
710
739
687
707
708
728
718
772
744
710
697
718
708
695
541
102
713
718
680
669
736
710
582
646
605
600
629
587
646
708
692
682
669
734
715
679
693
751
687
800
726
736
805
779
749
746
775
807
767
746
749
725
736
734
766
734
715
764
734
712
721
792
708
692
710
747
743
728
639
774
634
694
629
712
659
664
675
697
