--Sean Thakur at Sun Feb 9 12:49:06 2025 245 points
797
764
800
805
800
793
797
803
802
800
793
761
810
808
833
816
813
807
813
826
756
777
785
800
792
782
762
776
785
777
733
770
764
759
795
751
756
764
764
772
726
759
738
746
762
723
756
741
770
756
721
779
762
787
759
741
784
765
753
739
743
793
777
771
757
764
782
828
772
741
767
782
792
792
757
779
811
787
754
800
779
798
761
756
780
810
769
747
771
788
815
782
754
774
793
784
757
738
774
782
765
766
746
759
762
738
749
741
769
775
748
777
777
790
800
751
752
792
772
774
726
736
784
772
787
736
756
782
798
787
769
785
795
805
810
757
777
784
782
767
749
748
764
767
741
728
744
761
754
746
752
771
803
774
729
794
770
782
746
736
779
793
794
757
741
797
847
797
769
780
800
810
790
800
789
813
818
787
770
812
800
788
753
741
757
805
772
759
736
756
792
747
723
738
764
818
782
751
772
780
792
805
734
746
766
762
779
734
754
771
793
782
769
769
777
800
767
787
774
798
784
741
749
785
779
772
744
764
820
805
767
713
684
744
746
669
690
705
721
733
705
716
715
710
723
