--Banoth Tyler at Thu Feb 13 17:11:00 2025 176 points
623
671
618
639
667
664
669
659
643
672
700
690
656
703
723
731
651
651
667
672
674
636
703
638
644
646
597
595
644
597
598
641
636
638
644
633
633
657
600
630
675
613
659
653
670
769
792
780
713
656
674
693
674
738
798
746
756
829
871
880
859
851
785
831
846
805
805
315
462
713
756
844
828
920
870
848
793
810
826
725
736
751
680
682
700
672
633
680
730
818
846
757
738
721
738
734
707
687
680
664
646
608
656
744
869
892
875
838
813
759
713
746
715
734
743
703
674
641
752
900
815
646
618
610
652
871
813
698
715
731
682
659
715
736
708
702
770
853
813
705
695
723
759
667
649
677
671
598
656
595
682
890
933
821
766
700
703
677
664
646
705
726
720
675
749
771
775
720
798
779
605
887
885
818
726
705
