--Banoth Tyler at Thu Feb 13 17:05:21 2025 263 points
749
730
667
636
651
613
700
703
612
652
687
700
664
649
651
685
666
646
618
672
821
846
751
690
682
743
693
648
639
761
870
825
764
741
757
833
757
607
718
764
829
820
785
477
369
843
823
770
707
747
807
826
656
808
844
746
669
690
759
774
728
654
718
797
718
672
700
700
677
631
705
708
715
690
810
790
736
684
700
695
659
828
859
821
756
662
605
638
608
654
700
654
764
787
713
685
641
679
756
762
685
641
659
689
800
749
685
646
690
738
713
641
656
680
700
731
697
674
659
713
767
749
533
728
641
636
672
661
659
218
472
608
687
682
669
708
772
733
664
675
751
777
728
844
464
664
674
698
743
669
713
692
818
721
708
661
700
654
713
725
762
687
734
684
654
226
346
610
574
616
641
607
624
710
746
777
836
807
767
751
741
747
771
777
764
741
795
334
602
795
741
713
523
574
672
828
926
854
731
612
603
636
702
713
649
631
697
664
654
649
636
725
667
674
657
628
1290
656
649
644
602
646
677
662
646
700
164
415
741
693
695
666
649
685
166
1146
670
669
633
651
639
636
618
648
634
643
703
662
628
664
620
639
692
685
715
682
749
715
693
700
723
651
664
