--Banoth Tyler at Mon Feb 10 16:36:39 2025 166 points
749
762
876
875
779
739
777
746
736
772
825
841
736
757
794
772
736
698
851
918
828
808
800
736
653
721
810
908
897
905
921
874
859
821
764
743
788
969
974
890
831
813
820
818
749
695
656
741
972
972
900
782
736
820
887
885
754
700
877
1007
954
875
787
846
879
829
748
780
856
795
749
766
808
772
713
707
762
810
908
826
753
816
849
915
882
810
823
839
913
894
816
838
918
952
905
810
779
811
843
775
746
779
798
715
677
703
687
756
741
710
652
659
730
718
662
677
743
734
713
700
666
708
721
692
684
703
803
835
783
735
667
700
741
815
721
677
749
877
897
821
779
818
831
823
761
752
792
895
907
803
700
703
682
646
633
864
885
810
744
705
682
685
633
672
805
854
