--Banoth Tyler at Thu Feb 13 09:50:03 2025 207 points
587
559
595
580
623
631
633
615
585
577
610
608
628
633
608
618
659
654
646
664
613
615
644
659
664
654
579
618
664
664
647
623
648
629
635
665
607
593
623
618
625
605
588
610
510
654
595
618
648
711
656
500
726
528
608
543
569
580
569
505
567
515
575
497
546
505
526
513
551
603
543
590
598
653
700
664
680
782
559
600
567
620
639
666
649
262
356
562
684
762
692
638
580
618
638
588
584
616
602
626
654
600
620
690
636
618
659
656
649
633
598
638
646
616
628
648
639
633
644
643
647
689
736
680
628
628
610
616
684
667
677
659
667
610
628
662
630
595
618
567
613
638
680
666
680
628
605
618
354
302
567
641
631
623
618
577
587
590
584
593
577
620
680
692
649
648
618
634
646
584
600
624
615
618
641
618
597
598
559
605
677
625
616
595
679
580
677
753
659
652
618
592
620
606
623
638
610
613
646
667
690
651
579
595
641
664
693
