--Banoth Tyler at Wed Feb 5 14:49:15 2025 223 points
536
577
551
559
516
510
546
559
636
620
595
631
621
648
698
638
551
580
551
600
595
554
546
559
613
579
549
582
600
618
631
623
505
559
556
559
495
508
497
626
580
515
574
505
629
474
526
512
839
756
534
1077
551
592
559
310
864
588
582
592
546
554
526
1182
620
585
579
585
641
546
490
631
541
605
577
610
564
554
608
577
587
569
533
575
479
539
592
602
593
523
538
562
587
574
534
571
521
526
566
521
605
508
523
543
580
569
556
600
593
566
621
577
551
608
569
608
587
533
552
556
608
618
625
626
543
552
592
564
603
1023
643
467
574
500
562
561
590
575
507
570
528
543
564
562
572
525
557
543
544
600
572
559
541
584
603
587
582
482
552
592
584
600
549
528
552
520
569
544
554
523
523
559
541
564
544
571
534
523
577
531
582
459
538
541
505
585
510
531
508
543
569
534
551
513
590
546
597
605
552
589
531
1133
580
590
533
582
590
623
618
559
533
585
579
587
588
551
592
559
595
626
569
602
518
