--Banoth Tyler at Wed Feb 12 11:15:14 2025 238 points
524
471
500
498
502
495
492
500
498
523
526
556
569
567
585
561
615
670
656
590
500
515
552
566
582
649
628
608
541
561
557
541
564
513
546
531
554
543
564
593
518
543
549
533
564
541
528
506
520
485
548
554
513
521
528
543
524
558
488
497
536
497
544
492
539
461
511
512
549
516
561
603
594
565
541
571
616
579
577
513
533
575
556
557
523
507
531
531
541
541
561
552
538
590
556
575
561
528
552
520
564
523
549
505
521
546
538
582
554
570
538
536
590
582
607
521
615
513
510
564
477
572
500
546
559
508
562
538
536
528
539
587
546
549
512
526
564
569
659
664
572
552
517
552
587
564
592
523
534
592
533
603
574
549
541
510
577
508
533
508
497
549
495
564
521
533
533
552
543
508
561
508
518
508
536
530
536
536
513
556
531
554
551
523
559
572
480
492
544
494
544
536
543
598
344
266
569
572
557
569
538
564
565
774
254
566
534
536
559
541
536
566
549
600
1141
564
510
562
541
561
552
525
549
528
580
569
554
587
508
543
557
559
605
602
621
574
582
603
