--Banoth Tyler at Fri Feb 7 11:26:54 2025 189 points
669
759
710
667
631
628
654
587
592
641
629
646
638
595
610
669
688
689
667
662
633
620
624
551
631
677
682
646
636
623
641
697
623
598
659
646
656
657
571
606
617
662
677
638
629
628
654
666
641
662
726
600
666
718
710
680
646
710
690
682
682
616
664
720
723
646
654
677
705
728
693
677
651
674
690
690
654
679
690
667
661
633
641
690
769
767
767
597
623
626
626
651
690
651
638
708
703
720
669
652
641
654
697
723
700
633
698
677
718
723
720
669
711
728
726
659
612
647
617
665
625
600
652
528
661
705
734
643
616
656
662
666
659
667
613
572
625
621
638
685
692
654
685
674
741
715
705
624
674
741
785
710
636
628
677
736
751
715
662
651
659
672
638
613
652
656
700
708
710
595
641
664
656
636
628
531
651
654
623
664
695
677
646
739
805
764
695
615
644
