--Banoth Tyler at Sun Feb 9 11:18:41 2025 197 points
690
597
628
713
728
805
777
708
731
736
710
697
685
685
720
805
751
682
665
774
749
736
659
625
698
669
687
638
693
677
705
674
672
541
705
598
618
689
680
692
731
579
598
636
700
679
641
654
610
639
710
623
659
618
708
689
711
682
666
665
817
634
705
651
693
784
792
785
741
703
756
713
687
672
677
764
767
825
754
731
761
772
746
726
672
661
685
684
639
649
689
770
818
810
700
1202
665
674
677
684
677
1223
1367
605
659
782
746
1357
600
605
600
590
605
643
680
587
728
723
770
766
780
741
715
669
700
690
692
662
703
689
782
726
661
590
590
377
279
629
715
664
633
667
656
690
675
1189
605
590
554
628
587
765
620
736
741
779
672
680
572
635
685
715
767
762
730
675
631
710
800
723
649
633
620
652
684
882
785
731
738
659
864
723
649
633
677
547
1258
747
818
879
839
784
757
1282
736
684
723
