--Banoth Tyler at Wed Feb 12 11:22:10 2025 355 points
562
564
625
636
608
620
575
618
671
618
575
569
574
585
649
654
633
631
566
605
662
646
603
607
621
661
711
661
613
623
595
600
649
630
600
598
597
652
656
621
602
544
572
546
523
546
528
557
558
559
600
618
716
587
628
569
600
588
646
682
261
408
531
595
592
677
692
659
682
577
623
649
631
597
587
588
628
648
624
610
661
662
710
687
639
641
602
641
641
600
623
590
598
669
677
656
675
538
538
549
462
728
559
587
605
587
541
559
554
585
549
594
567
564
603
561
593
607
590
595
585
556
567
579
608
582
569
605
580
574
585
559
597
590
610
636
605
603
600
566
600
577
608
551
580
543
577
541
587
539
567
571
572
585
549
566
559
569
608
582
559
600
569
600
593
600
597
531
567
530
521
564
556
600
554
554
600
549
584
554
549
556
536
554
549
546
549
546
584
554
562
541
528
551
541
567
192
887
559
531
567
556
585
615
585
590
515
590
577
546
590
571
577
623
585
621
587
564
602
567
564
585
395
725
526
587
572
554
564
543
570
528
541
567
561
592
552
566
600
559
577
552
569
579
554
574
549
536
567
559
536
561
544
600
564
556
546
557
559
554
556
564
592
570
584
572
569
588
561
585
566
559
541
559
526
546
515
575
520
562
551
531
582
531
566
1080
559
536
572
559
561
531
528
562
538
567
538
536
531
513
533
503
523
556
544
538
567
584
534
577
556
572
623
582
567
574
515
582
516
572
559
543
572
505
557
546
556
626
613
620
572
538
567
544
594
575
549
584
518
551
547
556
587
541
582
554
564
557
553
562
561
557
564
554
584
