--Banoth Tyler at Thu Feb 13 09:57:07 2025 414 points
613
664
644
625
639
643
649
664
675
623
610
633
616
618
636
579
582
567
607
677
657
669
697
729
671
616
669
646
667
659
656
608
608
569
597
675
595
625
636
608
651
685
656
651
613
644
636
600
613
587
656
644
597
598
576
572
639
641
656
649
582
600
590
536
571
521
556
693
751
761
749
710
611
605
607
629
671
659
693
648
606
612
595
570
574
608
648
613
559
654
544
561
567
587
600
597
1154
557
574
567
559
594
588
607
544
508
623
510
551
572
590
605
587
603
564
548
606
589
593
610
585
587
561
554
595
569
608
649
648
659
670
620
577
633
590
618
605
631
626
633
551
605
587
626
644
610
705
528
593
577
566
536
582
577
595
649
615
605
651
603
592
577
544
559
554
592
554
577
607
575
610
649
618
605
623
572
584
598
566
608
577
600
608
577
587
533
536
592
352
251
582
587
598
594
572
575
587
577
613
569
654
651
615
595
639
574
579
608
575
569
582
551
577
546
575
625
600
628
598
625
611
602
582
590
572
597
611
651
646
651
639
730
472
593
574
559
567
620
613
641
659
605
587
603
613
615
626
605
628
582
556
603
562
566
608
585
612
541
559
582
531
562
543
559
605
562
582
544
551
569
559
577
544
576
590
536
603
569
592
621
605
600
587
623
528
575
566
598
602
608
582
490
743
590
613
628
585
577
631
610
1005
182
623
603
566
569
588
556
605
603
605
615
600
603
610
549
556
546
559
616
605
613
651
654
561
703
567
556
615
600
629
615
613
602
572
554
579
547
600
556
592
611
607
608
626
582
592
600
592
623
608
605
646
603
610
641
605
595
634
610
592
615
611
613
610
633
598
628
605
644
625
649
672
636
625
654
615
659
613
582
618
554
651
534
661
618
626
661
644
679
662
649
636
597
597
583
617
575
608
715
713
710
690
715
651
685
564
623
616
661
631
643
685
685
