--Banoth Tyler at Mon Feb 10 16:20:55 2025 178 points
764
723
672
664
787
843
857
784
859
908
844
795
882
923
882
823
861
882
852
759
687
867
897
823
697
680
723
669
608
597
606
625
682
664
649
808
689
757
769
769
749
803
902
823
775
707
657
659
659
707
903
936
859
836
748
708
823
934
923
879
798
700
664
679
716
679
869
946
913
869
849
744
748
767
808
759
743
777
811
866
357
520
692
747
869
913
859
853
900
803
764
792
785
756
724
779
772
759
787
746
713
759
826
853
800
706
651
656
649
736
761
836
918
800
736
764
764
744
708
797
754
723
746
746
780
792
805
805
790
700
669
695
751
783
717
672
654
664
898
907
829
782
779
698
676
626
703
702
728
718
762
795
733
721
774
733
662
661
716
679
700
700
787
800
767
780
792
733
667
626
630
682
713
728
736
793
810
856
