--Banoth Tyler at Tue Feb 4 15:31:41 2025 271 points
582
641
677
641
597
644
651
674
726
674
511
607
618
616
635
593
564
656
672
685
651
577
610
631
679
634
546
549
1130
598
572
574
567
597
608
620
644
564
577
559
1243
488
538
1013
538
575
607
549
590
608
546
2151
500
574
547
559
594
531
580
484
577
608
677
702
672
1126
515
531
1079
588
582
607
441
675
631
633
659
579
595
590
1126
643
533
575
510
536
562
548
598
561
616
528
538
1218
580
559
597
567
543
593
1615
574
590
559
610
613
626
610
605
634
533
602
526
574
1059
441
567
646
487
570
569
531
620
523
1818
1916
543
2062
1123
679
675
666
652
692
164
1067
623
561
608
618
562
597
600
603
623
610
592
654
610
754
372
620
580
597
562
610
603
538
1141
1141
1608
1067
1553
480
1161
500
624
517
588
1151
631
525
546
1149
585
577
523
592
623
654
782
780
687
1705
641
1100
1172
684
616
602
570
597
605
623
541
608
526
576
1657
605
526
594
603
536
554
579
600
498
669
615
3177
521
423
1218
615
654
687
713
646
608
1133
513
1210
616
638
1200
5013
1077
1513
638
6290
2338
577
603
641
143
931
646
613
613
638
680
638
657
584
600
634
649
582
648
590
605
598
584
628
647
666
669
570
595
589
611
643
703
738
669
665
720
672
710
677
