--Banoth Tyler at Wed Feb 12 11:28:00 2025 208 points
546
595
559
577
521
548
559
585
615
572
554
651
649
654
651
577
567
628
615
595
590
556
598
605
643
642
594
618
654
672
664
651
616
605
626
551
546
569
541
623
600
611
594
562
695
559
633
616
620
605
585
595
569
600
610
626
620
623
647
641
587
548
588
646
613
615
585
587
618
628
664
708
679
662
664
633
685
705
695
620
595
628
631
621
692
628
626
651
608
602
605
585
587
585
592
644
649
615
643
616
613
628
597
593
643
605
600
639
613
636
661
641
639
638
587
557
597
582
608
623
597
618
567
628
528
595
577
600
582
613
562
587
623
610
600
628
636
639
664
648
559
600
567
600
621
610
636
613
630
618
616
664
695
674
636
577
592
580
612
608
618
631
577
579
631
600
633
636
603
623
664
618
592
608
597
598
615
577
585
554
571
588
571
567
556
603
646
623
636
644
628
626
671
598
595
602
587
595
634
620
641
749
836
833
815
762
692
713
