--Banoth Tyler at Wed Jan 29 15:10:53 2025 234 points
585
603
664
682
620
605
631
634
676
693
600
595
623
602
600
611
594
649
698
612
577
616
610
626
618
566
618
626
628
623
582
608
638
595
577
600
572
574
534
543
580
556
577
536
551
557
589
639
582
561
590
577
600
621
582
589
564
590
616
574
582
590
602
623
585
585
625
598
600
615
580
594
636
639
656
675
605
600
623
595
625
644
584
600
611
602
634
597
592
608
559
562
594
590
613
567
577
623
605
600
597
564
613
582
590
592
559
587
634
628
608
597
590
646
631
618
607
577
588
597
572
602
623
595
608
559
592
618
590
587
598
566
621
602
605
600
554
569
603
582
587
546
552
602
603
608
597
577
608
592
590
623
577
597
615
577
595
557
559
600
582
600
574
562
594
580
605
626
587
608
579
590
615
572
564
592
580
615
582
593
592
567
584
623
603
633
613
613
646
618
633
662
620
600
598
556
587
618
562
574
569
608
616
579
615
664
616
587
610
593
646
646
579
613
598
615
623
572
574
611
646
679
672
620
613
634
605
595
615
587
623
675
661
623
