--Chris Dhakal at Wed Feb 12 15:46:09 2025 194 points
912
921
882
867
789
829
871
839
795
879
877
803
843
826
1554
836
777
707
1110
859
744
756
749
795
813
856
852
802
2264
1487
741
824
920
810
828
880
854
756
834
871
826
803
825
539
356
739
748
752
807
849
797
877
918
854
818
915
898
782
720
775
820
775
764
864
905
795
795
869
792
805
793
879
782
736
772
2208
1518
7279
759
1392
780
769
1300
744
697
703
664
797
716
705
754
810
802
716
782
800
700
736
774
798
692
792
846
808
762
864
825
564
290
657
923
794
754
770
848
772
749
846
859
792
764
805
765
761
723
782
449
1056
813
821
746
746
813
790
759
748
805
785
764
826
841
710
726
820
892
829
800
805
800
720
770
802
780
725
767
805
777
741
815
782
788
746
718
797
716
741
817
775
759
787
782
672
664
2613
1951
728
1369
729
718
715
746
818
1428
695
667
713
710
749
725
685
218
1184
742
735
