--Ethan  Chopra at Wed Feb 5 15:32:15 2025 282 points
659
680
626
643
721
715
705
685
710
674
688
697
736
713
684
695
721
702
713
713
697
695
703
710
649
646
669
646
649
638
665
653
667
674
626
613
641
620
654
718
698
682
695
710
679
667
669
654
659
721
792
772
797
790
767
717
711
674
680
735
741
752
759
748
741
657
654
669
646
677
723
790
777
774
767
733
690
631
636
643
618
610
618
590
582
633
618
636
664
634
648
700
731
800
803
795
795
784
736
695
661
672
664
693
771
782
816
802
767
698
684
649
638
670
707
731
759
795
720
677
670
682
664
674
692
705
693
664
677
649
648
690
690
700
700
720
690
654
654
692
651
700
772
780
805
800
771
731
716
666
677
690
679
718
757
736
728
690
674
705
675
682
689
693
653
652
661
646
677
690
731
677
661
680
638
652
689
736
695
687
711
702
708
687
695
672
666
677
703
654
677
723
720
698
697
710
667
679
677
664
613
603
631
605
638
675
682
671
693
648
675
700
687
659
649
664
628
620
634
607
606
630
608
618
649
623
656
705
685
667
682
646
646
669
682
657
677
728
697
687
688
720
708
708
697
723
710
680
666
616
623
626
582
582
630
631
680
730
718
662
641
656
626
677
759
764
767
766
739
754
718
718
679
674
618
631
664
626
633
651
652
695
