--Monica Kumari at Wed Feb 5 18:51:24 2025 242 points
713
705
705
684
724
697
700
674
670
620
600
595
656
664
698
690
694
667
700
695
733
708
703
666
723
723
703
649
756
716
641
630
723
618
736
759
728
747
676
729
630
631
652
720
695
461
221
731
677
697
733
723
672
690
518
900
669
662
692
705
675
661
703
725
698
695
700
694
659
698
654
684
654
651
677
657
669
682
662
682
666
641
685
654
656
610
603
646
626
631
671
698
702
659
713
669
695
713
726
705
677
666
590
600
644
625
626
669
662
631
679
669
690
662
712
654
646
690
664
677
669
703
664
659
698
728
669
518
167
697
715
688
682
715
708
674
698
733
713
674
685
710
659
656
680
679
636
649
674
685
725
721
774
752
736
741
761
774
726
680
702
710
623
606
669
587
692
688
707
705
675
713
676
667
633
672
669
683
700
710
325
482
783
776
772
816
736
664
666
728
700
752
748
724
712
708
723
713
710
713
726
682
715
687
764
716
764
643
739
533
595
623
698
651
603
682
700
689
700
662
718
659
582
802
688
730
734
718
725
728
683
717
631
634
638
649
679
744
756
757
784
657
