--Sean Thakur at Sun Feb 9 12:56:06 2025 265 points
766
741
754
769
741
754
723
739
723
751
749
741
761
757
777
766
741
713
700
731
754
782
818
792
787
767
767
769
797
746
744
749
754
779
726
736
754
758
767
736
728
752
730
670
712
744
756
747
676
713
728
777
752
715
692
736
739
738
741
744
731
694
716
738
805
765
746
774
774
741
741
759
767
759
741
700
762
764
772
794
788
759
735
698
751
739
736
743
744
782
741
736
751
746
754
736
736
738
744
764
741
733
736
764
723
729
733
726
776
711
713
710
748
731
728
706
710
733
703
723
723
687
728
721
718
707
662
687
718
715
708
675
715
705
715
724
707
675
710
741
733
692
703
728
734
741
689
711
748
777
731
728
680
736
733
772
754
702
728
723
716
713
697
692
706
715
705
703
741
725
749
715
708
718
721
738
700
705
713
738
690
682
687
721
733
726
682
674
695
710
736
754
674
680
720
734
718
718
684
731
736
749
736
715
710
772
777
733
746
741
767
767
764
772
736
728
759
746
731
748
724
728
759
730
726
733
726
741
703
712
734
761
744
736
708
751
746
741
736
733
723
705
749
754
777
787
772
743
744
718
767
720
718
705
705
700
713
677
700
685
705
728
708
674
687
