--Banoth Tyler at Thu Jan 30 15:20:26 2025 210 points
592
620
649
582
600
657
638
600
628
654
659
646
575
625
618
598
587
554
589
621
584
629
682
646
595
620
639
656
700
623
631
703
753
685
626
630
688
612
1111
1082
728
418
1695
597
575
600
605
646
269
962
623
661
623
1144
561
434
661
536
659
662
666
600
613
613
615
695
562
607
631
587
547
620
603
610
533
616
646
615
1149
538
590
551
582
636
616
615
613
1133
621
682
692
790
738
1290
692
636
613
646
534
602
600
546
613
1749
523
631
600
625
634
625
539
1123
610
544
510
600
554
1215
559
685
679
690
1179
598
644
620
1244
584
803
433
1251
611
605
628
972
1320
605
672
600
536
1062
592
595
641
649
623
1123
569
631
643
605
629
607
605
629
592
1110
626
564
1051
564
570
605
625
1093
582
561
611
1133
454
705
536
610
533
529
612
570
648
593
587
613
594
616
628
598
1084
610
606
566
590
564
605
605
598
582
595
579
621
636
589
562
625
621
654
600
554
643
611
630
621
