--Banoth Tyler at Sun Feb 9 11:12:42 2025 275 points
724
653
682
688
756
713
643
680
633
649
679
718
670
682
697
667
669
685
623
628
636
631
633
595
615
603
589
595
1200
1585
554
649
641
715
759
782
754
772
723
766
711
620
610
664
636
705
654
811
820
798
746
718
774
774
772
721
700
636
261
1082
687
644
695
843
823
762
690
684
652
651
713
669
703
682
651
1267
635
611
602
652
661
667
723
718
723
728
687
477
900
721
720
749
815
759
654
628
654
754
731
677
633
623
631
641
667
712
736
744
674
649
667
705
679
662
677
500
648
659
631
664
690
638
608
569
664
570
705
713
702
667
690
697
685
666
590
605
580
592
767
430
611
584
775
723
677
610
636
623
602
603
597
618
624
423
792
618
1179
580
656
644
651
674
680
533
646
641
567
564
613
574
685
721
725
695
644
582
602
618
682
695
795
813
759
787
728
805
741
757
756
854
785
741
784
862
836
761
749
595
251
803
751
641
692
711
764
705
756
813
874
844
751
644
715
721
748
670
641
666
503
813
689
711
620
618
659
610
647
702
580
1228
608
628
641
1018
1282
592
574
549
567
561
577
554
564
585
597
593
618
571
1185
590
630
606
610
664
677
692
700
687
693
671
711
648
641
659
652
692
705
757
646
592
638
606
648
759
844
