--Ethan  Chopra at Fri Jan 31 10:38:08 2025 274 points
803
731
738
710
749
733
685
687
693
761
813
802
703
718
938
449
680
636
651
597
680
731
328
307
636
603
628
610
611
638
605
626
692
685
682
692
692
736
726
700
692
687
718
762
797
731
685
697
726
720
736
693
715
736
784
736
677
680
674
708
728
738
734
746
795
805
756
700
700
700
723
659
649
692
695
744
759
700
713
682
692
718
733
693
666
688
692
733
741
716
723
723
715
690
664
372
292
628
703
695
692
679
703
682
764
710
695
680
677
705
664
641
662
694
695
744
713
700
674
705
723
741
698
661
675
653
685
672
692
698
720
721
707
680
705
728
728
693
712
734
731
653
665
671
713
731
705
680
661
687
698
730
667
687
695
718
685
687
695
720
698
625
762
664
682
669
695
680
695
697
692
685
695
718
651
672
679
716
666
654
692
672
677
659
716
669
682
674
690
679
682
693
656
682
687
698
659
684
734
682
690
689
721
667
646
654
697
677
674
682
672
715
716
731
664
659
671
698
674
657
697
677
726
707
723
688
687
700
738
718
721
715
733
706
694
685
677
636
651
687
670
694
726
751
764
731
680
661
626
667
646
689
693
743
747
789
711
682
684
718
713
674
652
659
687
574
618
690
584
703
703
861
846
862
