--Banoth Tyler at Thu Feb 6 13:10:10 2025 187 points
579
603
595
628
659
633
670
741
710
690
648
618
582
654
582
628
629
528
554
579
621
746
736
646
646
674
529
1225
664
629
702
669
695
726
651
659
623
651
682
680
749
574
828
687
703
690
677
625
1249
618
718
795
743
677
718
728
693
684
608
618
631
643
634
607
595
718
805
744
703
543
674
577
716
807
749
690
1308
674
633
698
664
674
916
548
736
741
764
757
718
648
606
748
775
764
692
638
600
593
638
564
536
731
715
634
1210
626
628
613
628
579
595
600
1190
677
633
677
618
685
607
1285
662
733
754
751
1290
720
646
711
659
618
589
667
723
762
725
613
708
615
636
710
700
1231
572
579
739
767
756
3123
664
600
715
626
690
1526
1997
718
2579
649
654
638
1970
374
1162
802
3413
669
690
1392
2405
1208
656
693
1856
636
2149
1061
1549
623
723
726
656
1346
564
1280
2520
662
744
