--Banoth Tyler at Wed Jan 29 15:05:55 2025 341 points
659
595
587
636
626
613
602
590
577
585
564
605
636
672
671
613
605
644
592
580
610
597
616
641
597
600
631
618
620
606
607
652
633
613
607
582
608
621
574
608
671
690
644
615
587
626
672
613
584
618
595
595
595
584
611
548
536
570
576
593
556
562
595
587
600
566
547
564
548
582
567
554
569
557
600
569
569
577
582
613
587
613
620
559
605
552
572
592
554
551
577
528
564
600
608
608
582
595
620
585
589
539
551
585
564
584
552
569
641
608
582
592
590
613
564
572
615
587
577
582
569
598
584
570
587
559
597
559
559
574
542
561
515
541
590
585
602
595
575
646
595
561
608
600
610
551
598
620
588
576
631
636
613
610
618
628
618
567
597
575
574
572
536
582
564
562
566
526
556
518
562
533
559
585
538
562
546
561
600
580
579
564
598
628
582
585
625
613
657
648
621
628
685
648
611
625
618
651
693
628
595
641
643
657
638
605
647
707
680
654
628
667
653
639
618
597
646
706
646
607
631
613
628
631
574
577
595
590
605
561
575
602
575
579
531
538
534
536
577
566
572
564
544
582
579
562
574
546
590
592
629
638
605
639
651
597
588
592
574
616
600
584
600
603
615
621
577
628
649
592
613
582
648
641
583
592
608
556
554
569
562
587
548
567
572
561
536
572
618
621
633
628
562
566
603
551
559
562
589
652
597
585
633
626
602
598
579
603
608
564
602
580
592
562
558
577
552
566
577
544
564
536
554
610
577
582
559
587
603
587
584
562
590
633
598
612
718
657
643
618
605
