--Banoth Tyler at Tue Feb 4 15:27:32 2025 200 points
588
592
564
554
541
582
595
541
584
536
513
564
564
600
647
512
529
533
572
589
613
590
551
536
608
582
1105
556
547
520
546
1090
569
508
518
492
1149
526
612
500
516
1020
587
506
543
554
541
528
600
544
564
518
1031
595
523
592
1572
592
533
1580
584
570
589
570
1056
554
572
500
654
507
521
549
625
651
662
620
629
682
628
638
1165
574
1167
617
606
633
669
644
597
580
584
580
641
600
577
597
564
649
600
641
638
603
564
641
580
582
602
523
603
610
613
613
538
590
641
610
1200
621
687
526
600
636
617
603
600
567
577
574
572
543
570
589
593
595
676
521
554
625
595
557
615
572
597
598
556
600
528
580
551
577
621
610
769
459
631
595
628
561
583
523
551
584
367
903
520
554
590
579
559
580
595
595
587
587
626
584
603
607
570
579
474
644
603
589
608
546
557
600
574
567
569
541
643
616
615
644
600
579
629
623
